-39.138733 -16.789892 1.8508418 -38.205077065081774 -16.442238291835526 1.937002403355982 1667.28283691 0.0
-38.156578 -16.348717 1.8013104 -37.22517834873405 -15.995525680043688 1.8893479418640782 1667.28283691 0.492339869281
-38.73487 -16.991833 1.65529 -37.80903393415892 -16.625073678266197 1.7464779856555288 1667.28283691 0.984679738562
-39.033554 -16.603102 1.7245055 -38.111977320633656 -16.23061954061042 1.8338372991373553 1667.28283691 1.47701960784
-37.25737 -16.287369 1.6173474 -36.34666767592327 -15.907360656379387 1.7792572500946544 1667.28283691 1.96935947712
-37.957268 -15.472768 1.7704469 -37.03904299800192 -15.107043016948863 1.922460199886553 1667.28283691 2.46169934641
-37.233883 -15.501755 1.6459471 -36.31301870592563 -15.145327452608969 1.8039611670933353 1667.28283691 2.95403921569
-36.89813 -14.273819 1.6815834 -36.006790037292866 -13.844130346867365 1.8260847390038233 1667.28283691 3.44637908497
-35.466232 -13.985401 1.6448592 -34.565472169051354 -13.587150902009412 1.8181464741445998 1667.28283691 3.93871895425
-35.106438 -13.736995 1.4694391 -34.21031272887662 -13.333041761787554 1.6532352097112755 1667.28283691 4.43105882353
-34.87942 -13.080316 1.5510921 -33.98551755007955 -12.66847024503016 1.72807082084796 1667.28283691 4.92339869281
-33.575836 -13.465034 1.5089179 -32.68106337271533 -13.071920057138858 1.7206801049292015 1667.28283691 5.41573856209
-33.95858 -13.751893 1.5780598 -33.067178042912914 -13.341463421581585 1.7702837804518368 1667.28283691 5.90807843137
-32.334133 -12.955137 1.6873373 -31.442403951288394 -12.547745067498987 1.8844441127323928 1667.28283691 6.40041830065
-31.884901 -11.990476 1.4753925 -31.034717515752906 -11.50986524266701 1.6903370621661933 1667.28283691 6.89275816993
-29.874897 -13.023063 1.4622179 -29.014347416808487 -12.569460384933873 1.6939480640690285 1667.28283691 7.38509803922
-31.770353 -12.224441 1.5081085 -30.90947326516253 -11.751293518138135 1.6952380067232542 1667.28283691 7.8774379085
-29.10437 -12.640683 1.4925654 -28.24681364301413 -12.176862747174646 1.714978814440798 1667.28283691 8.36977777778
-29.249352 -13.27649 1.5099825 -28.392572616231483 -12.809067438246428 1.7278020725142622 1667.28283691 8.86211764706
-27.796043 -15.05387 1.6889005 -26.91883254730208 -14.619211973587348 1.8927981416603499 1667.28283691 9.35445751634
-27.653065 -13.664719 1.581043 -26.82654151689598 -13.137402692829546 1.7780119875945024 1667.28283691 9.84679738562
-26.41707 -13.38167 1.5217217 -25.59049573243519 -12.879071718363555 1.77503950180568 1667.28283691 10.3391372549
-25.819113 -13.881638 1.5170507 -24.984786143074313 -13.380687005434865 1.747152460745305 1667.28283691 10.8314771242
-24.79175 -16.229153 1.8310274 -23.90448720484351 -15.824901328448401 2.053165378409824 1667.28283691 11.3238169935
-24.106682 -15.617736 1.7738973 -23.21750111743648 -15.180074052590884 1.9073500465413318 1667.28283691 11.8161568627
-22.282864 -15.891869 1.853093 -21.365273626944735 -15.510902310106532 1.9666361661784661 1667.28283691 12.308496732
-22.02567 -15.804659 1.7665901 -21.14183216765574 -15.353367112976171 1.889743048398827 1667.28283691 12.8008366013
-21.778397 -15.610637 1.6786293 -20.89580056579077 -15.167407175241197 1.8353804555469153 1667.28283691 13.2931764706
-21.394768 -15.41654 1.6299955 -20.54240222642879 -14.911270731735737 1.76481322169139 1667.28283691 13.7855163399
-20.823107 -16.715147 1.7070535 -20.007790208076198 -16.160743690677094 1.8740731008442801 1667.28283691 14.2778562092
-21.243395 -15.879836 1.7412468 -20.471143528498587 -15.27131304423051 1.923805733919675 1667.28283691 14.7701960784
-18.25213 -16.56674 1.7126681 -17.404887339965573 -16.059628354603966 1.8708385389233886 1667.28283691 15.2625359477
-18.464184 -17.445969 1.7759525 -17.627703402138803 -16.910166923892803 1.8909149916307504 1667.28283691 15.754875817
-16.937881 -16.772793 1.7569821 -16.085944408127332 -16.264145322111343 1.8814070826785718 1667.28283691 16.2472156863
-17.200092 -17.231491 1.7504585 -16.37606778603526 -16.675820945439817 1.8609791224645749 1667.28283691 16.7395555556
-15.461232 -17.38041 1.7438635 -14.656301012163148 -16.808878523679503 1.9033569936617056 1667.28283691 17.2318954248
-15.709213 -17.642113 1.7568799 -14.901770669068709 -17.079049366734175 1.9329373855369592 1667.28283691 17.7242352941
-13.686181 -16.89519 1.6201504 -12.858322857780717 -16.361868766643155 1.7939879556253733 1667.28283691 18.2165751634
-13.237643 -17.832922 1.6532296 -12.412609146309872 -17.29389314445023 1.8228373908933262 1667.28283691 18.7089150327
-12.352347 -17.214869 1.6448187 -11.508261070362884 -16.707840421496478 1.819291579418335 1667.28283691 19.201254902
-12.107728 -17.786245 1.6393216 -11.28582327177548 -17.24838178120028 1.8268731991703622 1667.28283691 19.6935947712
-11.799922 -17.992353 1.6738425 -10.971460348924056 -17.459769683518502 1.847065270361326 1667.28283691 20.1859346405
-10.663012 -17.957224 1.6652054 -9.85881590454655 -17.385002842664743 1.8259281536604144 1667.28283691 20.6782745098
-10.037725 -17.835295 1.7114011 -9.237897947777489 -17.261279650347117 1.8868521334944246 1667.28283691 21.1706143791
-8.72815 -17.800076 1.6912619 -7.977569018521382 -17.166156008870278 1.8777382937172111 1667.28283691 21.6629542484
-7.4747777 -18.386246 1.697781 -6.7477610273524515 -17.734769704455328 1.9146344624083262 1667.28283691 22.1552941176
-6.9222717 -18.040874 1.7840585 -6.198025180729304 -17.384853516910894 1.99643576263749 1667.28283691 22.6476339869
-5.8642573 -18.39936 1.6871713 -5.176023048152048 -17.710983577225868 1.916238335205667 1667.28283691 23.1399738562
-5.6526265 -18.958704 1.7136853 -4.988308784503947 -18.240101985564365 1.9193380250125183 1667.28283691 23.6323137255
-4.5782804 -19.246864 1.8348799 -3.883813076400962 -18.56169901693116 2.054571199299419 1667.28283691 24.1246535948
-4.931929 -18.264256 1.7185744 -4.230812365274618 -17.578501797931313 1.9139628514547073 1667.28283691 24.6169934641
-2.990901 -19.7273 1.7438046 -2.32497445881062 -19.0067015784076 1.93688380549838 1667.28283691 25.1093333333
-2.2158828 -19.641525 1.7689794 -1.5888315317302901 -18.89111110743438 1.9779911863887 1667.28283691 25.6016732026
-2.541147 -19.27927 1.8324819 -1.966259187421816 -18.49322151157508 2.05970783110716 1667.28283691 26.0940130719
-1.5604545 -19.457855 1.8648198 -0.9692913524145691 -18.68303515592759 2.0888294584862974 1667.28283691 26.5863529412
0.093681246 -19.74924 1.8464285 0.6474036666705101 -18.94580024081196 2.0652342839987075 1667.28283691 27.0786928105
1.3184398 -20.589605 1.7190945 1.8685825023888176 -19.781417127092237 1.929274189623839 1667.28283691 27.5710326797
1.6124157 -21.286062 1.6735703 2.160344456613582 -20.47515225767318 1.878995188690602 1667.28283691 28.063372549
1.9259669 -20.663082 1.645856 2.4517921229634823 -19.836147333187604 1.845071541671702 1667.28283691 28.5557124183
3.1921835 -20.739246 1.568758 3.692794486069152 -19.892185351475565 1.7472992110500383 1667.28283691 29.0480522876
3.2363162 -21.680323 1.5558101 3.758162930491414 -20.852194725780464 1.7604550573640343 1667.28283691 29.5403921569
3.0949824 -21.727707 1.6041627 3.6225870032549903 -20.89550845190728 1.7746881013604248 1667.28283691 30.0327320261
4.133895 -21.778458 1.5150363 4.658987813272455 -20.945522589323712 1.6896680075935446 1667.28283691 30.5250718954
4.997967 -21.818918 1.5686268 5.501393688607806 -20.97710905738237 1.763355505889075 1667.28283691 31.0174117647
6.8193817 -22.188765 1.6509582 7.28776952905576 -21.330701489906428 1.8615282276067713 1667.28283691 31.509751634
7.3269935 -21.970446 1.7172698 7.775666343409429 -21.10691884558581 1.9475168453839808 1667.28283691 32.0020915033
8.530311 -21.4819 1.7112838 8.924500100696585 -20.590581565713116 1.9352622681525404 1667.28283691 32.4944313725
8.603037 -21.773073 1.7877523 8.938922751049262 -20.85849646271777 2.0129866397106193 1667.28283691 32.9867712418
9.192809 -22.246817 1.8212366 9.462534121757662 -21.312077611699067 2.052560540585586 1667.28283691 33.4791111111
10.779861 -22.9122 1.8055477 10.917254132980002 -21.94647281451073 2.0257611749371263 1667.28283691 33.9714509804
10.923327 -23.075783 1.8598481 11.06038651994402 -22.109393195807964 2.07734645131606 1667.28283691 34.4637908497
11.439658 -23.913954 1.8950438 11.533291783249647 -22.937956011058976 2.0916662281763054 1667.28283691 34.956130719
12.430712 -23.885328 1.9299492 12.457758129812898 -22.907074800358647 2.1355927034105298 1667.28283691 35.4484705882
13.192527 -23.966198 1.82131 13.256335460901706 -22.98490386663536 2.0029423104908126 1667.28283691 35.9408104575
13.51326 -24.183498 1.8850006 13.54835373950139 -23.20626154926686 2.0942307940358695 1667.28283691 36.4331503268
14.266954 -24.563362 1.8133713 14.324117824822432 -23.578452299573897 1.9767275671274716 1667.28283691 36.9254901961
13.953176 -24.686708 1.9109097 14.036144292436564 -23.708859607533462 2.1030781180686846 1667.28283691 37.4178300654
15.129746 -25.061468 1.894882 15.106989220971947 -24.084660345476067 2.1077872268016926 1667.28283691 37.9101699346
14.337116 -25.063103 1.9095753 14.420367320757308 -24.097750801406008 2.15688946662433 1667.28283691 38.4025098039
15.91916 -24.916052 1.8666875 15.85840600040705 -23.942135986809628 2.085311321475928 1667.28283691 38.8948496732
17.27031 -25.013294 1.9018937 17.210374541615256 -24.035153913074268 2.1010161276277706 1667.28283691 39.3871895425
17.9487 -25.237144 1.9289943 17.851328250313244 -24.25927279095423 2.1141612188407093 1667.28283691 39.8795294118
19.880886 -25.176964 1.8395375 19.653990239883818 -24.22186966056884 2.0300975394448892 1667.28283691 40.371869281
21.568708 -25.718328 1.9011514 21.292192166932264 -24.772269663040085 2.070008142887939 1667.28283691 40.8642091503
20.288147 -25.190348 1.806441 20.06657568958774 -24.2390727874983 2.0208740130579605 1667.28283691 41.3565490196
21.503643 -25.584845 1.7833918 21.397745626157647 -24.612027512113446 1.9893329585757247 1667.28283691 41.8488888889
20.610065 -24.331764 1.672879 20.56943976047318 -23.360075970519333 1.9056275997411416 1667.28283691 42.3412287582
22.054344 -24.112144 1.6295799 22.077302426175564 -23.139583804007007 1.8610954684329086 1667.28283691 42.8335686275
23.091942 -25.064215 1.5956625 23.004777962829838 -24.097271824840938 1.8352943528575072 1667.28283691 43.3259084967
26.065153 -25.010027 1.6030765 26.01116968560499 -24.043799779094375 1.8550505927926937 1667.28283691 43.818248366
22.086006 -23.72718 1.8140746 22.132844050684067 -22.761161931295295 2.0682697892636384 1667.28283691 44.3105882353
23.822945 -22.82193 1.6978167 23.756272412689707 -21.861657854049792 1.9688001472230492 1667.28283691 44.8029281046
26.974054 -24.305468 1.6482651 26.729632444030347 -23.366982175759837 1.8921962919671942 1667.28283691 45.2952679739
27.885864 -23.839195 1.6169534 27.710298080678232 -22.88029949073969 1.8398798190028962 1667.28283691 45.7876078431
27.743767 -24.31869 1.6941869 27.53867348023008 -23.35961372696401 1.8894033286997183 1667.28283691 46.2799477124
29.83053 -24.700737 1.6569064 29.636908738497446 -23.740715018020413 1.8590655267396343 1667.28283691 46.7722875817
27.62892 -24.262754 1.642382 27.321892686645437 -23.326384318106033 1.8125176311281495 1667.28283691 47.264627451
29.048975 -23.481668 1.6552892 28.686300305986737 -22.570260863389674 1.8497217680515468 1667.28283691 47.7569673203
29.446915 -22.984213 1.6118184 28.959128758714783 -22.124163072757547 1.761412943458451 1667.28283691 48.2493071895
28.52197 -23.047617 1.4110478 28.090984254074044 -22.15427323242936 1.5382807556666847 1667.28283691 48.7416470588
29.526226 -22.814928 1.3265903 29.073592026408374 -21.93280775088823 1.4569228966584031 1667.28283691 49.2339869281
30.251675 -22.663883 1.5342829 29.77601768245305 -21.79484748473654 1.670399037485475 1667.28283691 49.7263267974
31.083664 -22.560345 1.522345 30.589786577626704 -21.698856719949685 1.6403416805990765 1667.28283691 50.2176666667