66.18587 -36.52667 1.822743 65.41440856480705 -35.89198360676444 1.8676919107142365 1665.25817871 0.0
65.698326 -36.572647 1.825899 64.92471425155419 -35.94075090926766 1.87314488288989 1665.25817871 0.483555555556
66.037895 -36.6158 1.7643167 65.2495412629098 -36.002360975837036 1.8111212728017743 1665.25817871 0.967111111111
68.30669 -36.555416 1.8865346 67.49182224383716 -35.97760150064346 1.9325898278306874 1665.25817871 1.45066666667
66.61801 -36.825085 1.838056 65.8084077507527 -36.2411726920331 1.8979788276353748 1665.25817871 1.93422222222
62.57375 -35.98446 1.8664795 61.810678228407156 -35.34226494774 1.939329606882955 1665.25817871 2.41777777778
58.896706 -34.38287 1.5864662 58.14315428399592 -33.739124674602415 1.71970182554062 1665.25817871 2.90133333333
57.29846 -34.150555 1.6581228 56.55650635784201 -33.495320798349944 1.80015330514329 1665.25817871 3.38488888889
56.538208 -34.356224 1.7242264 55.79087054391116 -33.69984868701333 1.8274648068056114 1665.25817871 3.86844444444
56.91481 -34.03156 1.8679596 56.14024510762087 -33.409288938560636 1.98122078157126 1665.25817871 4.352
56.19781 -33.841103 1.8045646 55.437528574782675 -33.19822050670361 1.8976999546514421 1665.25817871 4.83555555556
55.01844 -33.665657 1.8253087 54.289503435321 -32.983239748610536 1.8796976655358 1665.25817871 5.31911111111
52.706917 -33.298916 1.8697394 51.93785463121094 -32.66513660598096 1.9526061935564583 1665.25817871 5.80266666667
50.805595 -32.533375 1.701039 50.065316864902385 -31.866054084754108 1.78271572308718 1665.25817871 6.28622222222
50.451122 -32.041496 1.8118067 49.67956412282053 -31.410969664149277 1.8962757920590647 1665.25817871 6.76977777778
46.944576 -31.072506 1.7172877 46.190168476399634 -30.422944403370494 1.811834807808994 1665.25817871 7.25333333333
46.612965 -30.202736 1.6622549 45.89768505696703 -29.512776899402603 1.77330115590712 1665.25817871 7.73688888889
44.899857 -30.266626 1.683906 44.18105126105516 -29.582899465438903 1.8097487023939447 1665.25817871 8.22044444444
42.183235 -28.726976 1.7494076 41.50730057103462 -27.99877176304001 1.8626832322819533 1665.25817871 8.704
41.338337 -28.228645 1.5936095 40.7113454568226 -27.460224136162267 1.7217141238037899 1665.25817871 9.18755555556
38.106003 -27.489143 1.657317 37.48018358949729 -26.728733751685546 1.8308919306058198 1665.25817871 9.67111111111
37.50851 -27.808052 1.4458567 36.89691245428041 -27.02202284674711 1.5358937048977301 1665.25817871 10.1546666667
34.934082 -25.735775 1.5687717 34.34696693222926 -24.92806689316393 1.6226546379497344 1665.25817871 10.6382222222
31.376276 -24.495039 1.5866648 30.844360477525786 -23.65134570376692 1.659105268903288 1665.25817871 11.1217777778
35.94778 -27.02693 1.4419565 35.31249222416756 -26.26491575450693 1.5674294596560727 1665.25817871 11.6053333333
40.011776 -28.172642 1.6160233 39.29898692660901 -27.48166179552162 1.7363483294460527 1665.25817871 12.0888888889
37.51719 -29.405033 1.668162 36.80674183394738 -28.70421673900183 1.7323494889183353 1665.25817871 12.5724444444
32.449123 -26.653028 1.7360774 31.871996312979384 -25.855760814710315 1.9129662297187713 1665.25817871 13.056
33.998024 -27.042496 1.5859925 33.36289831651803 -26.275757304013286 1.6794111324636956 1665.25817871 13.5395555556
28.609997 -25.559517 1.7461351 28.047324023263442 -24.734192697603834 1.793453119738519 1665.25817871 14.0231111111
27.077908 -24.652477 1.707262 26.588518504051144 -23.78216655689864 1.7625587748641713 1665.25817871 14.5066666667
26.231377 -24.379824 1.5859152 25.77031495239887 -23.49505614281811 1.6537953480639151 1665.25817871 14.9902222222
20.966105 -18.770508 1.8428724 20.82854981347095 -17.798125143205628 2.0314195192365077 1665.25817871 15.4737777778
15.724166 -16.309246 2.2170036 16.065413419540615 -15.381203077211193 2.366289709134123 1665.25817871 15.9573333333
25.728367 -25.020947 1.5121956 25.29738571846899 -24.11880525776486 1.5320791183626734 1665.25817871 16.4408888889
25.767485 -25.583103 1.4947187 25.350069194503092 -24.674418887668306 1.502298201393071 1665.25817871 16.9244444444
23.462847 -24.719683 1.6105094 23.085648959802867 -23.79457431942783 1.6540481598664687 1665.25817871 17.408
23.12216 -25.30068 1.7452973 22.762040045350727 -24.375808190118683 1.8674688946601758 1665.25817871 17.8915555556
22.188784 -25.206457 1.7717379 21.854876260435113 -24.27229380510857 1.897613389080231 1665.25817871 18.3751111111
20.219187 -24.665384 1.7815539 19.944846105196476 -23.71346894446568 1.9179164625695444 1665.25817871 18.8586666667
19.174047 -24.26241 1.718986 18.931939401754807 -23.303965784876254 1.869878744846479 1665.25817871 19.3422222222
17.993444 -24.358421 1.7728468 17.806688276155747 -23.38593498028997 1.9121066682414969 1665.25817871 19.8257777778
20.486843 -24.729118 1.8396311 20.25414074648729 -23.761225234562062 1.9346742835363864 1665.25817871 20.3093333333
15.640105 -23.67378 1.77597 15.529687100603901 -22.687171716193774 1.8960198979728795 1665.25817871 20.7928888889
20.480188 -26.247423 1.6863407 20.280051117125325 -25.27088120193051 1.7657859215799612 1665.25817871 21.2764444444
14.557345 -22.193102 1.8510782 14.457323346218992 -21.19982284884885 1.909321089306871 1665.25817871 21.76
12.448697 -21.555204 1.7406373 12.460831668352425 -20.55792879111259 1.813403691090193 1665.25817871 22.2435555556
9.354775 -21.045422 1.8116647 9.519291150389881 -20.070570752785304 1.961994940738045 1665.25817871 22.7271111111
10.346892 -20.22814 1.7848475 10.513128136252803 -19.24680863208719 1.8815651679066678 1665.25817871 23.2106666667
6.895849 -20.697065 1.6039983 7.1606635009595765 -19.741029814541836 1.729974189201968 1665.25817871 23.6942222222
3.932335 -19.25546 1.6576787 4.334385330610592 -18.348887353665987 1.7860597622002912 1665.25817871 24.1777777778
2.4233756 -18.899988 1.7151006 2.939267817731308 -18.05424867823323 1.851410224122006 1665.25817871 24.6613333333
0.71377647 -17.243776 1.7085692 1.2842570293642444 -16.43510363790431 1.8520991804010354 1665.25817871 25.1448888889
-1.3506395 -17.258028 1.792842 -0.709241357335838 -16.496494752718284 1.885985177638537 1665.25817871 25.6284444444
-3.2414746 -17.084278 1.699817 -2.5938000392418 -16.332691876025365 1.8248603041764828 1665.25817871 26.112
-5.0320063 -16.726656 2.0075073 -4.336480816125876 -16.010559177346114 2.0662391813334873 1665.25817871 26.5955555556
-6.6081157 -16.685448 1.7801274 -5.88812251555198 -15.99746176963685 1.8711488890524581 1665.25817871 27.0791111111
-8.491105 -15.911292 1.866542 -7.789678064367536 -15.203390602273696 1.9494651375859482 1665.25817871 27.5626666667
-8.796104 -16.357168 1.7715555 -8.11758367132798 -15.623331880233305 1.8046384636650752 1665.25817871 28.0462222222
-11.684988 -16.589417 1.7037048 -10.965600740020905 -15.896379880458268 1.750410987915646 1665.25817871 28.5297777778
-14.365329 -16.021345 1.8519719 -13.590683467102389 -15.392862247793271 1.922214162330035 1665.25817871 29.0123333333