2.931 1 1.2551 -0.16832 1.2865
2.9655 1 1.2584 -0.16567 1.2852
3 1 1.2617 -0.16346 1.2846
3.0345 1 1.2651 -0.16167 1.2846
3.069 1 1.2685 -0.16029 1.285
3.1034 1 1.2721 -0.15931 1.2859
3.1379 1 1.2759 -0.15872 1.2871
3.1724 1 1.2797 -0.1585 1.2885
3.2069 1 1.2837 -0.15865 1.2902
3.2414 1 1.2879 -0.15915 1.292
3.2759 1 1.2922 -0.15999 1.2939
3.3103 1 1.2968 -0.16117 1.2957
3.3448 1 1.3015 -0.16266 1.2975
3.3793 1 1.3065 -0.16446 1.2991
3.4138 1 1.3117 -0.16655 1.3005
3.4483 1 1.3172 -0.16893 1.3015
3.4828 1 1.3229 -0.17158 1.3022
3.5172 1 1.3289 -0.17449 1.3025
3.5517 1 1.3352 -0.17765 1.3022
3.5862 1 1.3419 -0.18105 1.3014
3.5862 2 1.6176 -0.61054 1.3014
3.5862 6 1.4891 -0.49562 1.3014
3.6207 1 1.3487 -0.18466 1.2999
3.6207 2 1.6537 -0.62054 1.297
3.6207 6 1.5229 -0.50458 1.297
3.6552 1 1.3557 -0.18839 1.2979
3.6552 2 1.6858 -0.62892 1.2931
3.6552 6 1.5526 -0.51214 1.2931
3.6897 1 1.3626 -0.19216 1.2954
3.6897 2 1.7142 -0.6358 1.2897
3.6897 6 1.5783 -0.51841 1.2898
3.7241 1 1.3691 -0.19586 1.2927
3.7241 2 1.7391 -0.64129 1.2868
3.7241 6 1.6004 -0.52348 1.2869
3.7586 1 1.375 -0.1994 1.2898
3.7586 2 1.7609 -0.6455 1.2844
3.7586 6 1.6194 -0.52747 1.2844
3.7931 1 1.3802 -0.20267 1.2869
3.7931 2 1.7798 -0.64855 1.2823
3.7931 6 1.6354 -0.53047 1.2823
3.8276 1 1.3842 -0.20558 1.2841
3.8276 2 1.7961 -0.65055 1.2806
3.8276 6 1.6488 -0.53259 1.2806
3.8621 1 1.3871 -0.20803 1.2815
3.8621 2 1.8102 -0.65162 1.2792
3.8621 6 1.6599 -0.53393 1.2793
3.8966 1 1.3884 -0.20992 1.2792
3.8966 2 1.8222 -0.65185 1.2782
3.8966 6 1.6691 -0.53459 1.2782
3.931 1 1.3881 -0.21115 1.2774
3.931 2 1.8325 -0.65137 1.2774
3.931 5 1.1421 -0.80842 1.2774
3.931 6 1.6767 -0.53468 1.2774
3.9655 1 1.3859 -0.21166 1.2762
3.9655 2 1.8413 -0.65029 1.2769
3.9655 5 1.1442 -0.80606 1.2772
3.9655 6 1.6831 -0.5343 1.2769
4 1 1.3821 -0.21154 1.2755
4 2 1.8489 -0.64872 1.2766
4 5 1.147 -0.80427 1.277
4 6 1.6884 -0.53354 1.2766
4.0345 1 1.377 -0.21088 1.2752
4.0345 2 1.8557 -0.64677 1.2765
4.0345 5 1.1504 -0.80302 1.277
4.0345 6 1.6931 -0.53252 1.2765
4.069 1 1.3711 -0.20982 1.2752
4.069 2 1.8619 -0.64455 1.2765
4.069 5 1.1545 -0.80227 1.277
4.069 6 1.6975 -0.53134 1.2765
4.1034 1 1.3646 -0.20846 1.2756
4.1034 2 1.8677 -0.64219 1.2767
4.1034 5 1.1592 -0.80197 1.2771
4.1034 6 1.7019 -0.5301 1.2767
4.1379 1 1.358 -0.20691 1.2761
4.1379 2 1.8735 -0.63978 1.2769
4.1379 5 1.1645 -0.8021 1.2772
4.1379 6 1.7067 -0.52889 1.2769
4.1724 1 1.3514 -0.2053 1.2767
4.1724 2 1.8795 -0.63745 1.2773
4.1724 5 1.1704 -0.80261 1.2774
4.1724 6 1.7121 -0.52784 1.2772
4.2069 1 1.3454 -0.20374 1.2773
4.2069 2 1.8861 -0.6353 1.2776
4.2069 5 1.1768 -0.80346 1.2777
4.2069 6 1.7186 -0.52702 1.2776
4.2414 1 1.3401 -0.20233 1.2779
4.2414 2 1.8935 -0.63344 1.2779
4.2414 4 0.59992 -1.1965 1.2779
4.2414 5 1.1837 -0.80462 1.2779
4.2414 6 1.7263 -0.52656 1.2779
4.2759 1 1.336 -0.20118 1.2784
4.2759 2 1.9019 -0.63197 1.2782
4.2759 4 0.60185 -1.1973 1.2787
4.2759 5 1.1912 -0.80605 1.2782
4.2759 6 1.7356 -0.52653 1.2782
4.3103 1 1.333 -0.20029 1.2787
4.3103 2 1.9112 -0.63086 1.2785
4.3103 4 0.6038 -1.1981 1.2793
4.3103 5 1.1991 -0.80771 1.2785
4.3103 6 1.7463 -0.52686 1.2785
4.3448 1 1.3309 -0.19963 1.279
4.3448 2 1.9214 -0.63006 1.2787
4.3448 4 0.60574 -1.199 1.2798
4.3448 5 1.2076 -0.80955 1.2787
4.3448 6 1.758 -0.52748 1.2788
4.3793 1 1.3298 -0.1992 1.2791
4.3793 2 1.9323 -0.62951 1.2789
4.3793 4 0.60765 -1.1999 1.2801
4.3793 5 1.2164 -0.81155 1.279
4.3793 6 1.7706 -0.52832 1.279
4.4138 1 1.3295 -0.19897 1.2791
4.4138 2 1.9438 -0.62917 1.2791
4.4138 4 0.60952 -1.2009 1.2802
4.4138 5 1.2257 -0.81366 1.2792
4.4138 6 1.7837 -0.52928 1.2792
4.4483 1 1.3298 -0.19892 1.2791
4.4483 2 1.9557 -0.62899 1.2792
4.4483 4 0.61133 -1.2019 1.2802
4.4483 5 1.2353 -0.81585 1.2793
4.4483 6 1.7971 -0.5303 1.2793
4.4828 1 1.3308 -0.19905 1.279
4.4828 2 1.9679 -0.62892 1.2793
4.4828 4 0.61305 -1.2029 1.2801
4.4828 5 1.2454 -0.81807 1.2794
4.4828 6 1.8105 -0.53128 1.2794
4.5172 1 1.3323 -0.19931 1.2789
4.5172 2 1.9803 -0.6289 1.2793
4.5172 4 0.61467 -1.2039 1.2799
4.5172 5 1.2558 -0.82029 1.2795
4.5172 6 1.8236 -0.53214 1.2795
4.5517 1 1.3343 -0.19972 1.2787
4.5517 2 1.9927 -0.62889 1.2794
4.5517 4 0.61618 -1.2049 1.2797
4.5517 5 1.2665 -0.82248 1.2795
4.5517 6 1.8362 -0.53282 1.2794
4.5862 1 1.3365 -0.20023 1.2785
4.5862 2 2.0051 -0.62883 1.2794
4.5862 4 0.61754 -1.2058 1.2794
4.5862 5 1.2775 -0.82458 1.2794
4.5862 6 1.8479 -0.53321 1.2794
4.6207 1 1.3391 -0.20083 1.2782
4.6207 2 2.0172 -0.62867 1.2793
4.6207 4 0.61875 -1.2068 1.279
4.6207 5 1.2888 -0.82658 1.2792
4.6207 6 1.8586 -0.53327 1.2792
4.6552 1 1.3417 -0.20152 1.278
4.6552 2 2.029 -0.62837 1.2792
4.6552 4 0.61978 -1.2077 1.2787
4.6552 5 1.3003 -0.82848 1.2789
4.6552 6 1.8683 -0.53301 1.279
4.6897 1 1.3445 -0.20226 1.2778
4.6897 2 2.0404 -0.62787 1.2791
4.6897 4 0.62061 -1.2086 1.2783
4.6897 5 1.3118 -0.8303 1.2786
4.6897 6 1.8771 -0.53247 1.2788
4.7241 1 1.3472 -0.20304 1.2776
4.7241 2 2.0511 -0.62713 1.279
4.7241 4 0.62123 -1.2095 1.278
4.7241 5 1.3233 -0.83208 1.2782
4.7241 6 1.8851 -0.53167 1.2786
4.7586 1 1.3497 -0.20385 1.2774
4.7586 2 2.0611 -0.62609 1.2788
4.7586 4 0.62162 -1.2103 1.2777
4.7586 5 1.3346 -0.83382 1.2779
4.7586 6 1.8924 -0.53066 1.2783
4.7931 1 1.3521 -0.20465 1.2772
4.7931 2 2.0702 -0.62469 1.2786
4.7931 4 0.62176 -1.211 1.2774
4.7931 5 1.3456 -0.83555 1.2776
4.7931 6 1.8992 -0.52947 1.2781
4.8276 1 1.3541 -0.20545 1.2772
4.8276 2 2.0783 -0.62291 1.2783
4.8276 4 0.62162 -1.2117 1.2773
4.8276 5 1.3562 -0.83729 1.2774
4.8276 6 1.9055 -0.52814 1.2778
4.8621 1 1.3557 -0.20621 1.2771
4.8621 2 2.0854 -0.62067 1.278
4.8621 4 0.6212 -1.2123 1.2772
4.8621 5 1.3663 -0.83906 1.2773
4.8621 6 1.9114 -0.5267 1.2776
4.8966 1 1.3568 -0.20692 1.2772
4.8966 2 2.0911 -0.61793 1.2777
4.8966 4 0.62047 -1.2127 1.2772
4.8966 5 1.3758 -0.84089 1.2772
4.8966 6 1.917 -0.52518 1.2775
4.931 1 1.3573 -0.20756 1.2774
4.931 2 2.0955 -0.61464 1.2774
4.931 4 0.61941 -1.2131 1.2774
4.931 5 1.3846 -0.84279 1.2774
4.931 6 1.9225 -0.52363 1.2774
4.9655 1 1.3572 -0.20813 1.2776
4.9655 4 0.61802 -1.2134 1.2777
4.9655 5 1.3925 -0.84477 1.2776
4.9655 6 1.928 -0.52207 1.2773
5 1 1.3565 -0.20862 1.2779
5 4 0.61634 -1.2136 1.2781
5 5 1.3998 -0.84677 1.278
5 6 1.9335 -0.52055 1.2774
5.0345 1 1.3555 -0.20908 1.2783
5.0345 4 0.61446 -1.2137 1.2785
5.0345 5 1.4068 -0.8487 1.2785
5.0345 6 1.9392 -0.5191 1.2775
5.069 1 1.3541 -0.20951 1.2788
5.069 4 0.61243 -1.2137 1.279
5.069 5 1.4137 -0.8505 1.279
5.069 6 1.9451 -0.51775 1.2777
5.1034 1 1.3527 -0.20994 1.2793
5.1034 4 0.61032 -1.2135 1.2796
5.1034 5 1.4207 -0.85208 1.2796
5.1034 6 1.9514 -0.51654 1.2781
5.1379 1 1.3513 -0.21039 1.2797
5.1379 4 0.60819 -1.2133 1.2801
5.1379 5 1.4281 -0.85337 1.2801
5.1379 6 1.9582 -0.5155 1.2786
5.1724 1 1.3501 -0.21088 1.2802
5.1724 4 0.60612 -1.213 1.2805
5.1724 5 1.4362 -0.85429 1.2805
5.1724 6 1.9656 -0.51468 1.2792
5.2069 1 1.3492 -0.21144 1.2806
5.2069 4 0.60417 -1.2126 1.2808
5.2069 5 1.4451 -0.85476 1.2808
5.2069 6 1.9737 -0.5141 1.28
5.2414 1 1.3488 -0.21208 1.281
5.2414 4 0.6024 -1.2122 1.281
5.2414 5 1.4552 -0.8547 1.281
5.2414 6 1.9825 -0.5138 1.281
5.2759 1 1.349 -0.21281 1.2813
5.2759 4 0.60087 -1.2116 1.281
5.2759 5 1.4665 -0.85407 1.281
5.3103 1 1.3498 -0.21364 1.2816
5.3103 4 0.59957 -1.211 1.2809
5.3103 5 1.4791 -0.85297 1.2808
5.3448 1 1.351 -0.21455 1.2817
5.3448 4 0.59849 -1.2104 1.2807
5.3448 5 1.4925 -0.85154 1.2805
5.3793 1 1.3527 -0.21552 1.2819
5.3793 4 0.5976 -1.2098 1.2803
5.3793 5 1.5068 -0.84991 1.2801
5.4138 1 1.3548 -0.21653 1.2819
5.4138 4 0.59687 -1.2092 1.2799
5.4138 5 1.5215 -0.84823 1.2796
5.4483 1 1.3571 -0.21757 1.2819
5.4483 4 0.5963 -1.2087 1.2794
5.4483 5 1.5366 -0.84662 1.2791
5.4828 1 1.3597 -0.21863 1.2819
5.4828 4 0.59585 -1.2084 1.2789
5.4828 5 1.5517 -0.84523 1.2787
5.5172 1 1.3624 -0.21969 1.2818
5.5172 4 0.59552 -1.2082 1.2784
5.5172 5 1.5667 -0.84418 1.2782
5.5517 1 1.3652 -0.22073 1.2817
5.5517 4 0.59527 -1.2082 1.2779
5.5517 5 1.5814 -0.84363 1.2778
5.5862 1 1.3681 -0.22175 1.2815
5.5862 4 0.5951 -1.2085 1.2775
5.5862 5 1.5956 -0.8437 1.2775
5.6207 1 1.3709 -0.22272 1.2814
5.6207 4 0.59497 -1.209 1.2771
5.6207 5 1.609 -0.84449 1.2773
5.6552 1 1.3737 -0.22364 1.2811
5.6552 4 0.59488 -1.2098 1.2768
5.6552 5 1.6217 -0.84595 1.2773
5.6897 1 1.3762 -0.22447 1.2809
5.6897 4 0.59482 -1.2107 1.2765
5.6897 5 1.6338 -0.84798 1.2773
5.7241 1 1.3786 -0.22522 1.2806
5.7241 4 0.59478 -1.2118 1.2763
5.7241 5 1.6454 -0.8505 1.2774
5.7586 1 1.3806 -0.22587 1.2803
5.7586 4 0.59475 -1.2131 1.2761
5.7586 5 1.6565 -0.8534 1.2776
5.7931 1 1.3823 -0.2264 1.28
5.7931 4 0.59472 -1.2145 1.276
5.7931 5 1.6671 -0.85659 1.2778
5.8276 1 1.3835 -0.22679 1.2797
5.8276 4 0.59469 -1.216 1.2759
5.8276 5 1.6775 -0.85998 1.278
5.8621 1 1.3843 -0.22703 1.2794
5.8621 4 0.59463 -1.2176 1.2759
5.8621 5 1.6876 -0.86348 1.2783
5.8966 1 1.3845 -0.22711 1.279
5.8966 4 0.59456 -1.2192 1.2758
5.8966 5 1.6976 -0.86699 1.2785
5.931 1 1.384 -0.22701 1.2787
5.931 4 0.59444 -1.2208 1.2759
5.931 5 1.7074 -0.87041 1.2787
5.9655 1 1.3829 -0.22673 1.2784
5.9655 4 0.59428 -1.2223 1.2759
5.9655 5 1.7173 -0.87366 1.2788
6 1 1.3813 -0.22629 1.278
6 4 0.59407 -1.2238 1.2759
6 5 1.7271 -0.87665 1.2789
6.0345 1 1.3792 -0.22573 1.2777
6.0345 4 0.5938 -1.2253 1.276
6.0345 5 1.7371 -0.87927 1.2789
6.069 1 1.3769 -0.2251 1.2774
6.069 4 0.59345 -1.2266 1.276
6.069 5 1.7473 -0.88143 1.2788
6.1034 1 1.3744 -0.22443 1.2771
6.1034 4 0.59302 -1.2278 1.2761
6.1034 5 1.7578 -0.88304 1.2786
6.1379 1 1.3719 -0.22376 1.2769
6.1379 4 0.5925 -1.2288 1.2761
6.1379 5 1.7686 -0.88401 1.2783
6.1724 1 1.3694 -0.22313 1.2766
6.1724 4 0.59188 -1.2296 1.2762
6.1724 5 1.7798 -0.88424 1.2778
6.2069 1 1.3673 -0.22258 1.2764
6.2069 4 0.59115 -1.2302 1.2762
6.2069 5 1.7915 -0.88365 1.2771
6.2414 1 1.3655 -0.22215 1.2762
6.2414 4 0.5903 -1.2305 1.2762
6.2414 5 1.8038 -0.88212 1.2762
6.2759 1 1.3643 -0.22186 1.2761
6.2759 4 0.58934 -1.2305 1.2763
6.3103 1 1.3634 -0.22171 1.276
6.3103 4 0.58831 -1.2303 1.2763
6.3448 1 1.363 -0.22167 1.276
6.3448 4 0.58727 -1.2299 1.2762
6.3793 1 1.3629 -0.22171 1.2759
6.3793 4 0.58628 -1.2293 1.2762
6.4138 1 1.3631 -0.22182 1.2759
6.4138 4 0.5854 -1.2285 1.2762
6.4483 1 1.3635 -0.22196 1.276
6.4483 4 0.5847 -1.2276 1.2762
6.4828 1 1.3641 -0.22212 1.276
6.4828 4 0.58423 -1.2267 1.2762
6.5172 1 1.3648 -0.22227 1.2761
6.5172 4 0.58404 -1.2256 1.2762
6.5517 1 1.3654 -0.22238 1.2762
6.5517 4 0.58421 -1.2246 1.2763
6.5862 1 1.3661 -0.22243 1.2763
6.5862 4 0.58479 -1.2236 1.2763
6.6207 1 1.3666 -0.22241 1.2765
6.6207 4 0.58583 -1.2226 1.2765
6.6552 1 1.3671 -0.22232 1.2767
6.6552 4 0.58729 -1.2217 1.2766
6.6897 1 1.3674 -0.22218 1.2768
6.6897 4 0.58915 -1.2208 1.2768
6.7241 1 1.3676 -0.222 1.277
6.7241 4 0.59134 -1.2198 1.2769
6.7586 1 1.3678 -0.22179 1.2772
6.7586 4 0.59385 -1.2188 1.2771
6.7931 1 1.3678 -0.22158 1.2774
6.7931 4 0.59661 -1.2177 1.2773
6.8276 1 1.3678 -0.22138 1.2775
6.8276 4 0.5996 -1.2165 1.2775
6.8621 1 1.3676 -0.22119 1.2777
6.8621 4 0.60277 -1.2151 1.2777
6.8966 1 1.3673 -0.22105 1.2778
6.8966 4 0.60607 -1.2136 1.2778
6.931 1 1.367 -0.22095 1.2779
6.931 4 0.60947 -1.2119 1.2779
6.931 8 1.6488 -0.44286 1.2779
6.9655 1 1.3665 -0.22092 1.278
6.9655 4 0.61292 -1.21 1.278
6.9655 8 1.6602 -0.4441 1.278
7 1 1.3659 -0.22092 1.278
7 4 0.6163 -1.208 1.2781
7 8 1.6705 -0.44508 1.278
7.0345 1 1.3651 -0.22093 1.278
7.0345 4 0.61951 -1.2059 1.2781
7.0345 8 1.6798 -0.44582 1.2781
7.069 1 1.3642 -0.22092 1.278
7.069 4 0.62243 -1.2037 1.2781
7.069 8 1.6881 -0.44634 1.2781
7.1034 1 1.3632 -0.22087 1.278
7.1034 4 0.62494 -1.2016 1.2781
7.1034 8 1.6956 -0.44665 1.2781
7.1379 1 1.3619 -0.22075 1.278
7.1379 4 0.62693 -1.1996 1.278
7.1379 8 1.7023 -0.44677 1.2781
7.1724 1 1.3605 -0.22052 1.278
7.1724 4 0.62829 -1.1978 1.278
7.1724 8 1.7084 -0.44672 1.278
7.2069 1 1.3589 -0.22016 1.2779
7.2069 4 0.6289 -1.1962 1.278
7.2069 8 1.7138 -0.4465 1.278
7.2414 1 1.357 -0.21964 1.2779
7.2414 4 0.62865 -1.195 1.2779
7.2414 7 1.5294 -0.5141 1.2779
7.2414 8 1.7188 -0.44614 1.2779
7.2759 1 1.355 -0.21894 1.2779
7.2759 4 0.62746 -1.1941 1.2779
7.2759 7 1.5376 -0.51292 1.2779
7.2759 8 1.7234 -0.44566 1.2778
7.3103 1 1.3528 -0.2181 1.2779
7.3103 4 0.62547 -1.1935 1.2778
7.3103 7 1.5462 -0.51193 1.2779
7.3103 8 1.7276 -0.44507 1.2778
7.3448 1 1.3504 -0.21714 1.2778
7.3448 4 0.62284 -1.1933 1.2777
7.3448 7 1.5552 -0.51112 1.2779
7.3448 8 1.7317 -0.44438 1.2777
7.3793 1 1.348 -0.21611 1.2778
7.3793 4 0.61975 -1.1932 1.2777
7.3793 7 1.5645 -0.51046 1.2779
7.3793 8 1.7355 -0.44361 1.2776
7.4138 1 1.3456 -0.21504 1.2778
7.4138 4 0.61637 -1.1934 1.2776
7.4138 7 1.5741 -0.50995 1.2778
7.4138 8 1.7393 -0.44278 1.2776
7.4483 1 1.3432 -0.21396 1.2777
7.4483 4 0.61287 -1.1938 1.2776
7.4483 7 1.584 -0.50956 1.2777
7.4483 8 1.7431 -0.44191 1.2775
7.4828 1 1.3409 -0.21292 1.2777
7.4828 4 0.60943 -1.1942 1.2775
7.4828 7 1.594 -0.50928 1.2776
7.4828 8 1.747 -0.44101 1.2774
7.5172 1 1.3388 -0.21195 1.2776
7.5172 4 0.60622 -1.1947 1.2775
7.5172 7 1.6041 -0.50909 1.2775
7.5172 8 1.7511 -0.44009 1.2774
7.5517 1 1.3368 -0.21109 1.2775
7.5517 4 0.60342 -1.1952 1.2774
7.5517 7 1.6143 -0.50897 1.2774
7.5517 8 1.7555 -0.43918 1.2774
7.5862 1 1.3351 -0.21038 1.2774
7.5862 4 0.60118 -1.1957 1.2774
7.5862 7 1.6245 -0.5089 1.2774
7.5862 8 1.7603 -0.43829 1.2774
7.6207 1 1.3338 -0.20983 1.2772
7.6207 4 0.59964 -1.1962 1.2773
7.6207 7 1.6347 -0.50887 1.2773
7.6207 8 1.7655 -0.43743 1.2774
7.6552 1 1.3327 -0.20946 1.277
7.6552 4 0.5987 -1.1965 1.2773
7.6552 7 1.6448 -0.50887 1.2772
7.6552 8 1.7711 -0.43662 1.2774
7.6897 1 1.3319 -0.20924 1.2768
7.6897 4 0.59823 -1.1968 1.2772
7.6897 7 1.6547 -0.50886 1.2772
7.6897 8 1.777 -0.43588 1.2774
7.7241 1 1.3313 -0.20917 1.2766
7.7241 4 0.59807 -1.197 1.2772
7.7241 7 1.6645 -0.50884 1.2772
7.7241 8 1.7833 -0.43522 1.2774
7.7586 1 1.331 -0.20923 1.2763
7.7586 4 0.59808 -1.1971 1.2772
7.7586 7 1.674 -0.50879 1.2772
7.7586 8 1.7899 -0.43467 1.2775
7.7931 1 1.331 -0.20941 1.2761
7.7931 4 0.59812 -1.1971 1.2773
7.7931 7 1.6832 -0.50869 1.2773
7.7931 8 1.7967 -0.43422 1.2776
7.8276 1 1.3311 -0.2097 1.2758
7.8276 4 0.59805 -1.1969 1.2773
7.8276 7 1.692 -0.50852 1.2774
7.8276 8 1.8037 -0.43391 1.2776
7.8621 1 1.3314 -0.21008 1.2755
7.8621 4 0.59772 -1.1967 1.2775
7.8621 7 1.7005 -0.50827 1.2775
7.8621 8 1.8108 -0.43375 1.2777
7.8966 1 1.3319 -0.21054 1.2751
7.8966 4 0.597 -1.1963 1.2777
7.8966 7 1.7085 -0.50792 1.2777
7.8966 8 1.8181 -0.43374 1.2778
7.931 1 1.3326 -0.21107 1.2748
7.931 4 0.59573 -1.1957 1.2779
7.931 7 1.716 -0.50745 1.2779
7.931 8 1.8254 -0.43392 1.2779
7.9655 1 1.3334 -0.21166 1.2745
7.9655 4 0.59383 -1.1951 1.2782
7.9655 7 1.723 -0.50686 1.2782
7.9655 8 1.8328 -0.43429 1.278
8 1 1.3343 -0.21229 1.2741
8 4 0.59144 -1.1944 1.2786
8 7 1.7296 -0.5062 1.2785
8 8 1.8401 -0.43487 1.2781
8.0345 1 1.3354 -0.21295 1.2738
8.0345 4 0.58876 -1.1936 1.2789
8.0345 7 1.7362 -0.50556 1.2789
8.0345 8 1.8474 -0.43567 1.2783
8.069 1 1.3365 -0.21364 1.2734
8.069 4 0.58599 -1.1929 1.2792
8.069 7 1.743 -0.505 1.2791
8.069 8 1.8545 -0.43672 1.2784
8.1034 1 1.3378 -0.21433 1.273
8.1034 4 0.58334 -1.1923 1.2795
8.1034 7 1.7501 -0.5046 1.2794
8.1034 8 1.8615 -0.43802 1.2785
8.1379 1 1.339 -0.21501 1.2726
8.1379 4 0.58099 -1.192 1.2796
8.1379 7 1.758 -0.50442 1.2795
8.1379 8 1.8684 -0.4396 1.2786
8.1724 1 1.3403 -0.21568 1.2723
8.1724 4 0.57915 -1.1918 1.2796
8.1724 7 1.7667 -0.50455 1.2795
8.1724 8 1.8749 -0.44147 1.2787
8.2069 1 1.3417 -0.21632 1.2719
8.2069 4 0.57801 -1.192 1.2794
8.2069 7 1.7766 -0.50505 1.2793
8.2069 8 1.8813 -0.44364 1.2788
8.2414 1 1.343 -0.21691 1.2715
8.2414 4 0.57779 -1.1926 1.2789
8.2414 7 1.7879 -0.50601 1.2789
8.2414 8 1.8873 -0.44613 1.2789
8.2759 1 1.3444 -0.21745 1.2712
8.2759 4 0.57861 -1.1936 1.2783
8.2759 7 1.8007 -0.50746 1.2784
8.3103 1 1.3457 -0.21792 1.2708
8.3103 4 0.5804 -1.195 1.2774
8.3103 7 1.815 -0.50935 1.2776
8.3448 1 1.347 -0.21831 1.2705
8.3448 4 0.58303 -1.1967 1.2764
8.3448 7 1.8303 -0.51159 1.2767
8.3793 1 1.3482 -0.21861 1.2701
8.3793 4 0.58636 -1.1985 1.2752
8.3793 7 1.8465 -0.5141 1.2756
8.4138 1 1.3494 -0.2188 1.2698
8.4138 4 0.59026 -1.2003 1.274
8.4138 7 1.8634 -0.5168 1.2745
8.4483 1 1.3504 -0.21888 1.2695
8.4483 4 0.59459 -1.2022 1.2727
8.4483 7 1.8806 -0.5196 1.2733
8.4828 1 1.3513 -0.21882 1.2692
8.4828 4 0.59923 -1.2039 1.2715
8.4828 7 1.898 -0.52243 1.272
8.5172 1 1.3522 -0.21862 1.2689
8.5172 4 0.60403 -1.2054 1.2704
8.5172 7 1.9152 -0.52518 1.2708
8.5517 1 1.3528 -0.21827 1.2687
8.5517 4 0.60886 -1.2066 1.2693
8.5517 7 1.932 -0.52779 1.2696
8.5862 1 1.3534 -0.21774 1.2684
8.5862 4 0.6136 -1.2074 1.2684
8.5862 7 1.9482 -0.53016 1.2684
8.6207 1 1.3537 -0.21705 1.2682
8.6207 4 0.61811 -1.2077 1.2678
8.6207 7 1.9634 -0.53222 1.2674
8.6552 1 1.3539 -0.2162 1.268
8.6552 4 0.62235 -1.2076 1.2673
8.6552 7 1.9776 -0.53388 1.2665
8.6897 1 1.3538 -0.21523 1.2679
8.6897 4 0.62627 -1.2071 1.2669
8.6897 7 1.9903 -0.53505 1.2657
8.7241 1 1.3536 -0.21417 1.2678
8.7241 4 0.62984 -1.2063 1.2668
8.7241 7 2.0014 -0.53566 1.2652
8.7586 1 1.3531 -0.21304 1.2677
8.7586 4 0.63301 -1.2053 1.2667
8.7586 7 2.0105 -0.53561 1.2649
8.7931 1 1.3524 -0.21188 1.2676
8.7931 4 0.63576 -1.2042 1.2668
8.7931 7 2.0175 -0.53482 1.2648
8.8276 1 1.3515 -0.21071 1.2676
8.8276 4 0.63802 -1.2031 1.2669
8.8276 7 2.0221 -0.53322 1.265
8.8621 1 1.3503 -0.20956 1.2676
8.8621 4 0.63978 -1.2019 1.2671
8.8621 7 2.024 -0.53071 1.2656
8.8966 1 1.3488 -0.20846 1.2676
8.8966 4 0.64099 -1.2008 1.2674
8.8966 7 2.0229 -0.52721 1.2665
8.931 1 1.3471 -0.20745 1.2677
8.931 4 0.6416 -1.1999 1.2677
8.931 7 2.0187 -0.52265 1.2677
8.9655 1 1.3451 -0.20653 1.2679
8.9655 4 0.64162 -1.1993 1.2681
9 1 1.3429 -0.20572 1.2681
9 4 0.64119 -1.1988 1.2684
9.0345 1 1.3404 -0.20502 1.2683
9.0345 4 0.64049 -1.1985 1.2687
9.069 1 1.3377 -0.20441 1.2685
9.069 4 0.63969 -1.1983 1.2691
9.1034 1 1.3349 -0.2039 1.2688
9.1034 4 0.63898 -1.1982 1.2694
9.1379 1 1.332 -0.20347 1.2691
9.1379 4 0.63853 -1.1981 1.2696
9.1724 1 1.3289 -0.20314 1.2694
9.1724 4 0.63852 -1.1981 1.2698
9.2069 1 1.3258 -0.20289 1.2698
9.2069 4 0.63913 -1.198 1.27
9.2414 1 1.3226 -0.20271 1.2702
9.2414 4 0.64055 -1.1978 1.2701
9.2759 1 1.3194 -0.20262 1.2705
9.2759 4 0.64287 -1.1975 1.2701
9.3103 1 1.3162 -0.2026 1.2709
9.3103 4 0.64592 -1.1972 1.2701
9.3448 1 1.313 -0.20264 1.2713
9.3448 4 0.64944 -1.1968 1.27
9.3793 1 1.31 -0.20275 1.2717
9.3793 4 0.65318 -1.1964 1.27
9.4138 1 1.307 -0.20293 1.2721
9.4138 4 0.65689 -1.1961 1.2699
9.4483 1 1.3041 -0.20316 1.2725
9.4483 4 0.66031 -1.1958 1.2698
9.4828 1 1.3014 -0.20345 1.2729
9.4828 4 0.66319 -1.1957 1.2698
9.5172 1 1.2989 -0.20379 1.2732
9.5172 4 0.66528 -1.1958 1.2698
9.5517 1 1.2967 -0.20417 1.2736
9.5517 4 0.66633 -1.196 1.2699
9.5862 1 1.2946 -0.2046 1.2739
9.5862 4 0.66608 -1.1965 1.27
9.6207 1 1.2929 -0.20508 1.2742
9.6207 4 0.66435 -1.1973 1.2703
9.6552 1 1.2914 -0.20558 1.2745
9.6552 4 0.66129 -1.1984 1.2707
9.6897 1 1.2903 -0.20612 1.2748
9.6897 4 0.65711 -1.1996 1.2711
9.7241 1 1.2895 -0.20669 1.275
9.7241 4 0.65203 -1.201 1.2716
9.7586 1 1.2891 -0.20729 1.2752
9.7586 4 0.64627 -1.2025 1.2722
9.7931 1 1.2892 -0.20791 1.2753
9.7931 4 0.64003 -1.2041 1.2728
9.8276 1 1.2897 -0.20854 1.2754
9.8276 4 0.63354 -1.2056 1.2734
9.8621 1 1.2907 -0.2092 1.2755
9.8621 4 0.62701 -1.2072 1.2741
9.8966 1 1.2922 -0.20986 1.2755
9.8966 4 0.62067 -1.2086 1.2747
9.931 1 1.2942 -0.21053 1.2754
9.931 4 0.61471 -1.21 1.2754
9.9655 1 1.2968 -0.21121 1.2753
9.9655 4 0.60933 -1.2111 1.276
10 1 1.2998 -0.21187 1.2751
10 4 0.60453 -1.2122 1.2766
10.034 1 1.3031 -0.2125 1.275
10.034 4 0.60029 -1.213 1.2772
10.069 1 1.3066 -0.21308 1.2748
10.069 4 0.59658 -1.2138 1.2778
10.103 1 1.3101 -0.2136 1.2746
10.103 4 0.59336 -1.2144 1.2783
10.138 1 1.3136 -0.21404 1.2745
10.138 4 0.59061 -1.2149 1.2787
10.172 1 1.3168 -0.21438 1.2744
10.172 4 0.5883 -1.2154 1.2791
10.207 1 1.3196 -0.21461 1.2744
10.207 4 0.58641 -1.2158 1.2794
10.241 1 1.322 -0.2147 1.2744
10.241 4 0.5849 -1.2161 1.2797
10.276 1 1.3238 -0.21466 1.2746
10.276 4 0.58375 -1.2163 1.2799
10.31 1 1.325 -0.21449 1.2748
10.31 4 0.58292 -1.2165 1.28
10.345 1 1.3258 -0.21423 1.2751
10.345 4 0.5824 -1.2168 1.28
10.379 1 1.3263 -0.21391 1.2755
10.379 4 0.58214 -1.217 1.2799
10.414 1 1.3264 -0.21356 1.2758
10.414 4 0.58213 -1.2172 1.2797
10.448 1 1.3264 -0.21321 1.2762
10.448 4 0.58233 -1.2174 1.2794
10.483 1 1.3262 -0.21288 1.2765
10.483 4 0.58272 -1.2177 1.279
10.517 1 1.3261 -0.2126 1.2768
10.517 4 0.58327 -1.218 1.2785
10.552 1 1.326 -0.21242 1.277
10.552 4 0.58395 -1.2184 1.2779
10.586 1 1.326 -0.21234 1.2771
10.586 4 0.58472 -1.2189 1.2771
10.586 11 1.3565 -0.89515 1.2771
10.621 1 1.3263 -0.21241 1.2771
10.621 4 0.58558 -1.2194 1.2762
10.621 11 1.3697 -0.89404 1.2754
10.655 1 1.3268 -0.2126 1.277
10.655 4 0.58653 -1.22 1.2752
10.655 11 1.3818 -0.8932 1.2739
10.69 1 1.3275 -0.21292 1.2768
10.69 4 0.58757 -1.2206 1.2741
10.69 11 1.3927 -0.89262 1.2726
10.724 1 1.3283 -0.21334 1.2766
10.724 4 0.58873 -1.2212 1.273
10.724 11 1.4026 -0.89227 1.2715
10.759 1 1.3294 -0.21385 1.2763
10.759 4 0.59002 -1.2217 1.2719
10.759 11 1.4116 -0.89213 1.2705
10.793 1 1.3305 -0.21445 1.2759
10.793 4 0.59146 -1.2221 1.2709
10.793 11 1.4197 -0.89218 1.2697
10.828 1 1.3318 -0.21511 1.2755
10.828 4 0.59305 -1.2223 1.27
10.828 11 1.427 -0.8924 1.2691
10.862 1 1.3331 -0.21583 1.275
10.862 4 0.59482 -1.2223 1.2691
10.862 11 1.4337 -0.89276 1.2686
10.897 1 1.3346 -0.21659 1.2745
10.897 4 0.59677 -1.2221 1.2685
10.897 11 1.4397 -0.89325 1.2682
10.931 1 1.3361 -0.21739 1.274
10.931 4 0.59892 -1.2215 1.268
10.931 11 1.4453 -0.89384 1.268
10.966 1 1.3376 -0.2182 1.2735
10.966 4 0.60127 -1.2207 1.2677
10.966 11 1.4505 -0.89451 1.2679
11 1 1.3391 -0.21902 1.273
11 4 0.60374 -1.2196 1.2677
11 11 1.4554 -0.89524 1.2679
11.034 1 1.3407 -0.21983 1.2725
11.034 4 0.60625 -1.2183 1.2678
11.034 11 1.4601 -0.89601 1.268
11.069 1 1.3422 -0.22063 1.2721
11.069 4 0.60869 -1.2169 1.2681
11.069 11 1.4646 -0.8968 1.2682
11.103 1 1.3436 -0.22139 1.2717
11.103 4 0.61097 -1.2154 1.2685
11.103 11 1.4691 -0.89758 1.2686
11.138 1 1.345 -0.22211 1.2713
11.138 4 0.61301 -1.2139 1.269
11.138 11 1.4737 -0.89833 1.269
11.172 1 1.3463 -0.22277 1.271
11.172 4 0.61471 -1.2126 1.2695
11.172 11 1.4784 -0.89904 1.2694
11.207 1 1.3475 -0.22337 1.2708
11.207 4 0.61597 -1.2113 1.2701
11.207 11 1.4833 -0.89968 1.27
11.241 1 1.3485 -0.22388 1.2706
11.241 4 0.61671 -1.2103 1.2706
11.241 9 1.6841 -0.55853 1.2706
11.241 10 1.407 -0.64335 1.2706
11.241 11 1.4886 -0.90023 1.2706
11.276 1 1.3495 -0.2243 1.2706
11.276 4 0.61685 -1.2095 1.2712
11.276 9 1.6811 -0.55596 1.2718
11.276 10 1.4283 -0.64296 1.2719
11.276 11 1.4943 -0.90067 1.2713
11.31 1 1.3502 -0.22464 1.2706
11.31 4 0.61642 -1.209 1.2717
11.31 9 1.6802 -0.55374 1.2729
11.31 10 1.4474 -0.64247 1.2729
11.31 11 1.5003 -0.901 1.272
11.345 1 1.3509 -0.22488 1.2707
11.345 4 0.61544 -1.2088 1.2722
11.345 9 1.6814 -0.55184 1.2738
11.345 10 1.4644 -0.64188 1.2739
11.345 11 1.5068 -0.90124 1.2728
11.379 1 1.3514 -0.22505 1.2709
11.379 4 0.61396 -1.2088 1.2726
11.379 9 1.6844 -0.55025 1.2746
11.379 10 1.4797 -0.6412 1.2746
11.379 11 1.5136 -0.9014 1.2735
11.414 1 1.3518 -0.22514 1.2711
11.414 4 0.61202 -1.209 1.273
11.414 9 1.6891 -0.54894 1.2753
11.414 10 1.4934 -0.64044 1.2753
11.414 11 1.5207 -0.90148 1.2742
11.448 1 1.3521 -0.22516 1.2714
11.448 4 0.60965 -1.2095 1.2735
11.448 9 1.6954 -0.54789 1.2758
11.448 10 1.5056 -0.63961 1.2759
11.448 11 1.5282 -0.90149 1.2749
11.483 1 1.3523 -0.22512 1.2717
11.483 4 0.6069 -1.2101 1.2738
11.483 9 1.7031 -0.54706 1.2763
11.483 10 1.5167 -0.63873 1.2763
11.483 11 1.5359 -0.90145 1.2756
11.517 1 1.3524 -0.22501 1.2721
11.517 4 0.6038 -1.2108 1.2742
11.517 9 1.7121 -0.54644 1.2766
11.517 10 1.5267 -0.63779 1.2766
11.517 11 1.5439 -0.90135 1.2762
11.552 1 1.3524 -0.22484 1.2725
11.552 4 0.60039 -1.2118 1.2745
11.552 9 1.7222 -0.546 1.2769
11.552 10 1.536 -0.63682 1.2769
11.552 11 1.5522 -0.90122 1.2767
11.586 1 1.3524 -0.22461 1.273
11.586 4 0.59672 -1.2128 1.2748
11.586 9 1.7332 -0.54572 1.2771
11.586 10 1.5446 -0.63581 1.2771
11.586 11 1.5607 -0.90105 1.2771
11.621 1 1.3523 -0.22434 1.2734
11.621 4 0.59281 -1.214 1.2751
11.621 9 1.745 -0.54557 1.2772
11.621 10 1.5528 -0.63478 1.2772
11.621 11 1.5695 -0.90086 1.2773
11.655 1 1.3521 -0.22402 1.2739
11.655 4 0.58871 -1.2153 1.2754
11.655 9 1.7575 -0.54553 1.2773
11.655 10 1.5608 -0.63374 1.2772
11.655 11 1.5784 -0.90066 1.2775
11.69 1 1.3519 -0.22367 1.2744
11.69 4 0.58446 -1.2167 1.2757
11.69 9 1.7705 -0.54558 1.2773
11.69 10 1.5688 -0.63269 1.2773
11.69 11 1.5874 -0.90047 1.2776
11.724 1 1.3517 -0.22327 1.2748
11.724 4 0.5801 -1.2181 1.2759
11.724 9 1.7839 -0.54568 1.2773
11.724 10 1.5769 -0.63165 1.2773
11.724 11 1.5964 -0.9003 1.2776
11.759 1 1.3514 -0.22284 1.2753
11.759 4 0.57566 -1.2196 1.2761
11.759 9 1.7975 -0.54582 1.2773
11.759 10 1.5855 -0.63063 1.2772
11.759 11 1.6055 -0.90016 1.2776
11.793 1 1.3512 -0.22239 1.2757
11.793 4 0.57119 -1.2212 1.2763
11.793 9 1.8111 -0.54597 1.2772
11.793 10 1.5946 -0.62963 1.2772
11.793 11 1.6145 -0.90006 1.2775
11.828 1 1.3509 -0.22191 1.2761
11.828 4 0.56671 -1.2227 1.2765
11.828 9 1.8246 -0.54611 1.2772
11.828 10 1.6046 -0.62866 1.2772
11.828 11 1.6234 -0.90003 1.2774
11.862 1 1.3506 -0.22142 1.2765
11.862 4 0.56228 -1.2243 1.2767
11.862 9 1.8378 -0.54621 1.2772
11.862 10 1.6155 -0.62774 1.2771
11.862 11 1.6321 -0.90007 1.2773
11.897 1 1.3503 -0.22091 1.2769
11.897 4 0.55793 -1.2259 1.2768
11.897 9 1.8507 -0.54626 1.2771
11.897 10 1.6275 -0.62686 1.2771
11.897 11 1.6406 -0.90021 1.2772
11.931 1 1.35 -0.22039 1.2772
11.931 4 0.5537 -1.2274 1.2769
11.931 9 1.863 -0.54621 1.2772
11.931 10 1.641 -0.62605 1.2772
11.931 11 1.6489 -0.90044 1.2772
11.966 1 1.3498 -0.21986 1.2774
11.966 4 0.54963 -1.2289 1.2771
11.966 9 1.8746 -0.54606 1.2772
11.966 10 1.656 -0.62531 1.2772
11.966 11 1.6568 -0.90079 1.2772
12 1 1.3495 -0.21934 1.2776
12 4 0.54575 -1.2303 1.2772
12 9 1.8855 -0.54582 1.2773
12 10 1.6721 -0.62464 1.2773
12 11 1.6645 -0.90123 1.2772
12.034 1 1.3493 -0.21882 1.2777
12.034 4 0.54211 -1.2317 1.2773
12.034 9 1.8958 -0.54549 1.2774
12.034 10 1.6891 -0.62402 1.2775
12.034 11 1.6719 -0.90176 1.2772
12.069 1 1.349 -0.21832 1.2778
12.069 4 0.53874 -1.2329 1.2774
12.069 9 1.9054 -0.54509 1.2775
12.069 10 1.7064 -0.62345 1.2776
12.069 11 1.679 -0.90236 1.2773
12.103 1 1.3486 -0.21785 1.2779
12.103 4 0.53569 -1.2341 1.2775
12.103 9 1.9144 -0.54464 1.2776
12.103 10 1.7238 -0.62293 1.2777
12.103 11 1.6859 -0.90302 1.2774
12.138 1 1.3481 -0.2174 1.2779
12.138 4 0.53298 -1.2351 1.2775
12.138 9 1.9227 -0.54414 1.2777
12.138 10 1.7409 -0.62244 1.2778
12.138 11 1.6926 -0.90371 1.2775
12.172 1 1.3475 -0.21699 1.2779
12.172 4 0.53067 -1.236 1.2776
12.172 9 1.9305 -0.54362 1.2778
12.172 10 1.7571 -0.62199 1.2778
12.172 11 1.6992 -0.90442 1.2776
12.207 1 1.3468 -0.21662 1.2778
12.207 4 0.52879 -1.2367 1.2777
12.207 9 1.9376 -0.54308 1.2778
12.207 10 1.7723 -0.62155 1.2778
12.207 11 1.7056 -0.90514 1.2777
12.241 1 1.3458 -0.21631 1.2777
12.241 4 0.52738 -1.2373 1.2777
12.241 9 1.9442 -0.54254 1.2777
12.241 10 1.7859 -0.62114 1.2777
12.241 11 1.7118 -0.90585 1.2777
12.276 1 1.3448 -0.21605 1.2776
12.276 4 0.52646 -1.2376 1.2778
12.276 9 1.9503 -0.54202 1.2776
12.276 10 1.7977 -0.62073 1.2776
12.276 11 1.718 -0.90653 1.2778
12.31 1 1.3435 -0.21585 1.2775
12.31 4 0.52602 -1.2378 1.2778
12.31 9 1.9559 -0.54152 1.2774
12.31 10 1.8078 -0.62031 1.2773
12.31 11 1.7241 -0.90718 1.2777
12.345 1 1.3421 -0.2157 1.2773
12.345 4 0.52602 -1.2378 1.2778
12.345 9 1.9612 -0.54104 1.2772
12.345 10 1.8165 -0.61987 1.2771
12.345 11 1.7301 -0.90776 1.2777
12.379 1 1.3405 -0.2156 1.2771
12.379 4 0.52644 -1.2377 1.2779
12.379 9 1.9663 -0.54062 1.277
12.379 10 1.8239 -0.61938 1.2768
12.379 11 1.7361 -0.90827 1.2776
12.414 1 1.3388 -0.21555 1.2769
12.414 4 0.52724 -1.2374 1.2779
12.414 9 1.9713 -0.54024 1.2767
12.414 10 1.8304 -0.61883 1.2764
12.414 11 1.7421 -0.90869 1.2774
12.448 1 1.337 -0.21554 1.2766
12.448 4 0.5284 -1.237 1.2779
12.448 9 1.9762 -0.53993 1.2764
12.448 10 1.836 -0.61819 1.2761
12.448 11 1.7481 -0.90901 1.2772
12.483 1 1.3351 -0.21558 1.2764
12.483 4 0.52988 -1.2365 1.2779
12.483 9 1.9813 -0.53968 1.2762
12.483 10 1.8412 -0.61745 1.2759
12.483 11 1.7541 -0.9092 1.2769
12.517 1 1.3332 -0.21566 1.2761
12.517 4 0.53165 -1.2359 1.2779
12.517 9 1.9866 -0.53952 1.2759
12.517 10 1.846 -0.61659 1.2757
12.517 11 1.7603 -0.90926 1.2765
12.552 1 1.3311 -0.21577 1.2758
12.552 4 0.53368 -1.2352 1.2779
12.552 9 1.9922 -0.53945 1.2757
12.552 10 1.8508 -0.61559 1.2755
12.552 11 1.7665 -0.90917 1.276
12.586 1 1.3291 -0.21593 1.2755
12.586 4 0.53595 -1.2344 1.2779
12.586 9 1.9983 -0.53949 1.2755
12.586 10 1.8557 -0.61443 1.2755
12.586 11 1.7728 -0.90891 1.2755
12.621 1 1.327 -0.21611 1.2751
12.621 4 0.53841 -1.2335 1.2779
12.621 9 2.0049 -0.53963 1.2753
12.621 10 1.861 -0.6131 1.2755
12.655 1 1.3249 -0.21633 1.2748
12.655 4 0.54105 -1.2326 1.2779
12.655 9 2.0121 -0.5399 1.2752
12.655 10 1.8667 -0.61164 1.2756
12.69 1 1.3228 -0.21657 1.2744
12.69 4 0.54382 -1.2316 1.2778
12.69 9 2.0201 -0.54029 1.2752
12.69 10 1.873 -0.61007 1.2759
12.724 1 1.3208 -0.21684 1.2741
12.724 4 0.5467 -1.2306 1.2778
12.724 9 2.029 -0.54083 1.2753
12.724 10 1.8798 -0.60843 1.2761
12.759 1 1.3188 -0.21714 1.2737
12.759 4 0.54966 -1.2296 1.2777
12.759 9 2.0389 -0.54152 1.2754
12.759 10 1.8872 -0.60677 1.2764
12.793 1 1.3169 -0.21745 1.2733
12.793 4 0.55267 -1.2286 1.2777
12.793 9 2.0499 -0.54237 1.2757
12.793 10 1.8954 -0.60511 1.2768
12.828 1 1.315 -0.21779 1.2729
12.828 4 0.55569 -1.2276 1.2776
12.828 9 2.062 -0.54339 1.2761
12.828 10 1.9043 -0.60349 1.2771
12.862 1 1.3132 -0.21814 1.2725
12.862 4 0.5587 -1.2267 1.2775
12.862 9 2.0755 -0.54459 1.2766
12.862 10 1.914 -0.60196 1.2775
12.897 1 1.3116 -0.2185 1.2721
12.897 4 0.56166 -1.2257 1.2774
12.897 9 2.0904 -0.54598 1.2772
12.897 10 1.9246 -0.60053 1.2778
12.931 1 1.31 -0.21887 1.2717
12.931 4 0.56455 -1.2248 1.2773
12.931 9 2.1068 -0.54757 1.2781
12.931 10 1.9362 -0.59927 1.2781
12.966 1 1.3087 -0.21926 1.2712
12.966 4 0.56733 -1.224 1.2772
12.966 10 1.9487 -0.59819 1.2783
13 1 1.3074 -0.21965 1.2708
13 4 0.56997 -1.2232 1.2771
13 10 1.9623 -0.59733 1.2784
13.034 1 1.3064 -0.22004 1.2704
13.034 4 0.57245 -1.2225 1.277
13.034 10 1.977 -0.59674 1.2785
13.069 1 1.3055 -0.22043 1.27
13.069 4 0.57472 -1.2219 1.2768
13.069 10 1.993 -0.59645 1.2784
13.103 1 1.3049 -0.22083 1.2696
13.103 4 0.57677 -1.2214 1.2767
13.103 10 2.0101 -0.5965 1.2782
13.138 1 1.3045 -0.22122 1.2691
13.138 4 0.57856 -1.221 1.2765
13.138 10 2.0286 -0.59691 1.2779
13.172 1 1.3044 -0.2216 1.2687
13.172 4 0.58006 -1.2208 1.2763
13.172 10 2.0485 -0.59774 1.2775
13.207 1 1.3045 -0.22197 1.2683
13.207 4 0.58123 -1.2207 1.2762
13.207 10 2.0697 -0.59901 1.2768
13.241 1 1.3049 -0.22234 1.2679
13.241 4 0.58206 -1.2208 1.276
13.241 10 2.0925 -0.60076 1.276
13.276 1 1.3055 -0.22269 1.2676
13.276 4 0.5825 -1.221 1.2758
13.31 1 1.3065 -0.22302 1.2672
13.31 4 0.58253 -1.2214 1.2755
13.345 1 1.3079 -0.22334 1.2668
13.345 4 0.58212 -1.222 1.2753
13.379 1 1.3095 -0.22363 1.2664
13.379 4 0.58123 -1.2229 1.2751
13.414 1 1.3116 -0.2239 1.2661
13.414 4 0.57983 -1.2239 1.2748
13.448 1 1.314 -0.22415 1.2658
13.448 4 0.5779 -1.2252 1.2746
13.483 1 1.3168 -0.22436 1.2655
13.483 4 0.57541 -1.2267 1.2743
13.517 1 1.3201 -0.22455 1.2652
13.517 4 0.57231 -1.2284 1.274
13.552 1 1.3237 -0.2247 1.2649
13.552 4 0.56859 -1.2305 1.2737
13.586 1 1.3278 -0.22482 1.2646
13.586 4 0.56421 -1.2328 1.2734
13.621 1 1.3324 -0.2249 1.2644
13.655 1 1.3375 -0.22494 1.2642
13.69 1 1.3431 -0.22493 1.264
13.724 1 1.3491 -0.22488 1.2638
13.759 1 1.3558 -0.22478 1.2637
13.793 1 1.3629 -0.22463 1.2636
13.828 1 1.3706 -0.22443 1.2635
13.862 1 1.379 -0.22417 1.2634
13.897 1 1.3879 -0.22386 1.2634
13.931 1 1.3974 -0.22348 1.2634
