0.742089942232 -0.896779140754 1.25434689738 -0.202020644196 0.961937434339 0.184021824074 1230.15063477 47.2561484055
0.769658356469 -0.879777877215 1.25642899615 -0.161289995494 0.971135346025 0.175731832787 1237.03723145 47.4897593086
0.799632971889 -0.858966316709 1.25495250275 -0.172196484879 0.964374847153 0.200822122222 1229.39562988 47.7233702117
0.831545628873 -0.834041780693 1.25755761031 -0.218337086408 0.957038410149 0.19080460738 1225.84533691 47.9903541011
0.860995664281 -0.809282760944 1.25903097535 -0.228463506531 0.956696295039 0.180379115315 1230.88598633 48.2239650042
0.888749645676 -0.785951827851 1.26515099799 -0.27485129321 0.945778561074 0.173088647903 1229.50195313 48.4575759073
0.917256368171 -0.762349236218 1.26183499715 -0.324763794299 0.927699275432 0.184126402982 1227.91638184 48.6911868104
0.950477131981 -0.748007635738 1.25992231788 -0.322764184867 0.935133860941 0.146109353187 1227.8092041 48.9581706998
0.968435916344 -0.709971585384 1.26189631987 -0.381300893239 0.913858824808 0.139540951464 1224.65441895 49.1917816029
0.989540413272 -0.681920097871 1.26217415673 -0.407056039347 0.901414651161 0.147502567788 1223.13586426 49.425392506
1.0277310903 -0.694436354209 1.26361149386 -0.418608246621 0.889180149776 0.184731689499 1256.17211914 49.6590034091
1.02470981265 -0.644032035219 1.26213208783 -0.422114921094 0.881804084705 0.21033437567 1225.38977051 49.9259872985
1.03304403247 -0.617979488006 1.26831595558 -0.443333137058 0.878758800892 0.1767447296 1227.09020996 50.1595982016
1.04969572677 -0.606273152227 1.26230786417 -0.482340673425 0.849778955519 0.21265747463 1235.27966309 50.3932091047
1.05006581855 -0.564339197112 1.26888921323 -0.499439916742 0.842499298706 0.201877936496 1209.67529297 50.6268200078
1.05865289933 -0.533609226332 1.27048782525 -0.498495745881 0.840793574853 0.211111714082 1199.03796387 50.8938038972
1.09173295657 -0.583576980232 1.24413520116 -0.444494838422 0.880698993911 0.163687570511 1257.33032227 51.1274148003
1.12609202602 -0.517016216317 1.26371106846 -0.468916299156 0.866481004856 0.171254700986 1248.08032227 51.3610257034
1.05098830614 -0.453267839705 1.29859589913 -0.448865919497 0.876077414483 0.176090176182 1173.59069824 51.5946366065
1.21826910148 -0.334333170619 1.29384674543 -0.837853321482 0.482745185078 0.254870355211 1301.9074707 51.8616204959
1.27335603171 -0.32475050637 1.26600919144 -0.850881599831 0.433600086466 0.296633558596 1337.09863281 52.095231399
1.17166598997 -0.26768102719 1.30347812071 -0.870725016797 0.418922754278 0.2575687696 1198.95300293 52.3288423021
1.1808913602 -0.234801713368 1.29722304382 -0.865934720783 0.442157735734 0.233781085791 1210.63378906 52.5624532052
1.15269069712 -0.65611025451 1.11876154694 -0.593490808897 0.745338368024 0.303709362558 1525.60839844 52.8294370946
1.17548343703 -0.408758372087 1.24770500122 -0.585739249717 0.775645778457 0.235123707232 1268.51794434 53.0630479977
1.13568156682 -0.340403005726 1.26943187044 -0.533423249741 0.80171687315 0.269647347367 1205.46252441 53.2966589008
1.13999729261 -0.305353623468 1.2885972391 -0.50806860552 0.829059648441 0.233508867951 1188.94702148 53.5302698039
1.15192581455 -0.295474322005 1.29004595124 -0.475366293213 0.851922689418 0.219669339079 1193.50695801 53.7972536933
1.1566000175 -0.277957865202 1.29352803604 -0.488190849347 0.84710783281 0.209947646347 1193.63903809 54.0308645964
1.16019287627 -0.265602962103 1.29801569672 -0.50521203594 0.835835990709 0.214799896128 1190.91027832 54.2644754995
1.16432460461 -0.260847331185 1.30145825427 -0.509772900121 0.836192252811 0.20227235758 1191.75915527 54.4980864026
1.15750144817 -0.251142808213 1.30409428855 -0.572417212825 0.805792559159 0.151779069924 1178.53710938 54.765070292
1.17193222889 -0.264312770224 1.30266090019 -0.61290297459 0.777867126202 0.138826070005 1193.96606445 54.9986811951
1.17434216177 -0.266148876428 1.3020430698 -0.647244758549 0.750864285026 0.131442185018 1192.16760254 55.2322920982
1.17891911365 -0.270483777267 1.30204703325 -0.662071799742 0.739131190711 0.123879033346 1197.34680176 55.4659030013
1.18307392437 -0.274168846552 1.30152329623 -0.660254140181 0.740394123756 0.126019886849 1200.66174316 55.7328868907
1.18177237311 -0.274170479075 1.30208084562 -0.641100395985 0.754506247358 0.140394462017 1200.95605469 55.9664977938
1.17654345948 -0.269970503332 1.30305331308 -0.619479291858 0.771475834948 0.145156615596 1196.43579102 56.2001086969
1.1756737304 -0.269675867384 1.3026658476 -0.620720638833 0.769274508121 0.151402178591 1195.04187012 56.4337196
1.17480474076 -0.268900690755 1.3021203912 -0.627066735513 0.76425425584 0.150674289923 1195.31762695 56.7007034894
1.17481090128 -0.268592286316 1.30194689504 -0.637799802687 0.755946925751 0.147497990296 1194.78588867 56.9343143925
1.17552068456 -0.269484105407 1.30211243437 -0.652388153021 0.743223486917 0.148352776493 1195.51708984 57.1679252956
1.17640568471 -0.269913660631 1.30156022568 -0.666442213731 0.729688888002 0.152999681325 1194.91882324 57.4015361987
1.17701800796 -0.269889343785 1.30135474436 -0.682317283335 0.713662871226 0.158519497528 1195.01538086 57.6685200881
1.17785867031 -0.269466476435 1.30141113262 -0.693653504875 0.702571218233 0.158866291214 1195.07189941 57.9021309912
1.18498771845 -0.273677577849 1.29994247547 -0.694678265581 0.701324914583 0.159892062076 1201.34912109 58.1357418943
1.17851689784 -0.269001297887 1.30154738633 -0.697506995 0.698566716135 0.159651291991 1194.43652344 58.3693527974
1.1701827514 -0.265380242141 1.30224445329 -0.729032672786 0.665574274763 0.159756836428 1184.73779297 58.6363366868
1.17540543028 -0.275173738759 1.3004875896 -0.759508325519 0.629158703732 0.165246570265 1196.91882324 58.8699475899
1.1717012048 -0.276863433998 1.30033939745 -0.777783196935 0.605312542437 0.169263181269 1197.1796875 59.1035584929
1.17255319941 -0.27997404813 1.29952231731 -0.796107182281 0.576212238412 0.184912981226 1196.57336426 59.3371693961
1.17281864411 -0.280060745537 1.29852039769 -0.817809426556 0.545547914021 0.1832081203 1193.85119629 59.6041532855
1.17367925472 -0.280051097099 1.29807963506 -0.83476510679 0.522008820531 0.175139966235 1195.06237793 59.8377641886
1.17292485676 -0.278280081889 1.29909118961 -0.840884981491 0.512560222472 0.173765549644 1188.53649902 60.0713750916
1.17575850032 -0.277691624258 1.29820699651 -0.833143032487 0.522016870391 0.182677514888 1191.22766113 60.3049859948
1.17777792166 -0.27563556018 1.29717486243 -0.816372267538 0.547321359548 0.184324849592 1188.57495117 60.5719698842
1.18059405014 -0.27598403142 1.29710958447 -0.811393164419 0.55693206019 0.177391693902 1190.29064941 60.8055807873
1.17947371091 -0.273095846351 1.29877417424 -0.8054285797 0.565263487511 0.178218945934 1187.81201172 61.0391916903
1.17892371452 -0.271268595001 1.29839655894 -0.800336260209 0.571667955654 0.180714191674 1184.59619141 61.2728025935
1.18077431835 -0.271495677951 1.29836882377 -0.794709974103 0.578882149239 0.182569204284 1191.56152344 61.5397864829
1.17973559798 -0.267869519491 1.29837490848 -0.790696660187 0.583201575289 0.186211476952 1191.2833252 61.773397386
1.17952617412 -0.260928120177 1.29693271391 -0.790710799386 0.58205319426 0.189711651693 1192.69628906 62.007008289
1.17714398521 -0.249092600206 1.29653981153 -0.790368817114 0.581300875658 0.193407406512 1192.45263672 62.2406191922
1.1759214285 -0.235866970062 1.29790458164 -0.790052917372 0.576737747468 0.207821939162 1192.88879395 62.5076030816
1.17625241205 -0.222469174558 1.29584793726 -0.790784860724 0.573332517041 0.214357479348 1191.8046875 62.7412139847
1.18050854157 -0.207920501842 1.29618694162 -0.788004976789 0.575326891658 0.219196542608 1190.40759277 62.9748248877
1.1932964011 -0.200371910583 1.2949148379 -0.76309184787 0.60425044364 0.22928635606 1205.78613281 63.2084357909
1.20716604584 -0.191375944355 1.29347570448 -0.739052734952 0.631486518411 0.234575855588 1214.75366211 63.4754196803
1.18950569158 -0.155127527679 1.27908390324 -0.686076094468 0.685488532589 0.24373154143 1195.71691895 63.7090305834
1.19680059143 -0.156874690143 1.29499566377 -0.659969970814 0.711975555015 0.239855053491 1205.42089844 63.9426414864
1.18811651312 -0.143322269168 1.29653267738 -0.616583825171 0.74267538055 0.261261680432 1196.92016602 64.1762523896
1.15934471635 -0.118732893721 1.3016564843 -0.64050048709 0.731144061958 0.234920170911 1162.80053711 64.443236279
1.18206847262 -0.132823015982 1.29192770159 -0.715225689328 0.659636191059 0.230937889421 1193.47558594 64.6768471821
1.20581266262 -0.131570881764 1.28873745099 -0.743061587461 0.59136048463 0.313292601984 1219.6463623 64.9104580851
1.14530500995 -0.107689031019 1.27273905554 -0.715003236883 0.589519833479 0.375814764454 1163.99853516 65.1440689883
1.15454708831 -0.119221019339 1.28387123012 -0.729420726048 0.629212647895 0.268396810973 1186.44873047 65.4110528777
1.13197415054 -0.105479236951 1.28805751828 -0.755171275625 0.620463820294 0.211520666075 1161.84155273 65.6446637808
1.14604313971 -0.114173574757 1.28004945576 -0.76997467973 0.624755443616 0.129690509474 1181.48498535 65.8782746838
1.15022001984 -0.115913259299 1.27842862565 -0.769968015928 0.626322856773 0.121938236543 1190.3404541 66.111885587
1.14511993307 -0.111367392308 1.28010932833 -0.759985805831 0.640010321519 0.113174039796 1184.62902832 66.3788694764
1.13544683219 -0.105217191937 1.27965537524 -0.760400365262 0.643299057966 0.0892054175994 1167.82763672 66.6124803795
1.13240271403 -0.104931778194 1.27632479828 -0.757491385037 0.652717115677 0.0129293656497 1170.77429199 66.8460912825
1.12751299111 -0.102332716197 1.27483740713 -0.757861968074 0.652326558261 -0.0107377247415 1169.07019043 67.0797021857
1.13212276229 -0.104928210591 1.2750188089 -0.775955491956 0.630738208053 -0.00789856976017 1172.01879883 67.3466860751
1.17285744357 -0.0851136061448 1.28734714813 -0.817755369793 0.567063595999 0.0985648683176 1207.05895996 67.5802969782
1.16505845389 -0.120203160725 1.28234547133 -0.786462505444 0.590550736192 0.180904824461 1203.28881836 67.8139078812
1.15718180055 -0.115100890709 1.28836904054 -0.77345085527 0.615203567903 0.152637952433 1179.19641113 68.0475187844
1.16700167902 -0.122185674135 1.28624782204 -0.763529212076 0.632455511147 0.130472865859 1191.56018066 68.3145026738
1.17101032247 -0.126072902551 1.28580243342 -0.756003761964 0.642092129911 0.12718493858 1189.72741699 68.5481135769
1.17400156167 -0.129650264221 1.28476869593 -0.776713970512 0.620104160175 0.110391297423 1182.87268066 68.7817244799
1.1819358584 -0.138045560636 1.28377431613 -0.78141213802 0.613594642661 0.11356357274 1189.85131836 69.0153353831
1.18358064374 -0.14247783751 1.28458708563 -0.786326913064 0.609307861777 0.102146538702 1186.05981445 69.2823192725
1.18776170479 -0.14867694605 1.28307592422 -0.789647147546 0.606256239071 0.0943967952781 1183.30322266 69.5159301756
1.19317084733 -0.155654709905 1.28239737022 -0.805870629359 0.586261359345 0.0828863515669 1185.69641113 69.7495410786
1.19814149279 -0.16007102205 1.28593256603 -0.815072738386 0.569885372561 0.104341234806 1190.60229492 69.9831519818
1.20879696907 -0.167250579006 1.28796065873 -0.782309520172 0.612110071323 0.115382300347 1196.96435547 70.2501358712
1.21439948474 -0.172235341784 1.28548736173 -0.759771887092 0.637697889884 0.126838798571 1202.02539063 70.4837467743
1.21047123398 -0.170814858516 1.28577818367 -0.763152172515 0.633780805535 0.126177066542 1194.05090332 70.7173576773
1.21214024078 -0.176580123946 1.2833718256 -0.777308987346 0.616632367429 0.124720734564 1198.24206543 70.9509685805
1.180788179 -0.163754605607 1.28968125352 -0.814550845033 0.568159420617 0.117054660824 1170.82397461 71.2179524699
1.13051871682 -0.12118515516 1.29367408351 -0.877167683619 0.467370264184 0.110190248982 1129.50183105 71.451563373
1.23450754696 -0.232825350545 1.27146756072 -0.917103011166 0.380318027072 0.119500063572 1259.76623535 71.685174276
1.14562988353 -0.182800966555 1.28198514125 -0.937824385107 0.324231434027 0.123933045986 1178.13244629 71.9187851792
1.13040459972 -0.177115999895 1.28250110008 -0.945712642575 0.299050395393 0.127265308276 1173.8996582 72.1857690686
1.11764400285 -0.172498876441 1.2825896072 -0.94713833331 0.290854363038 0.135398364376 1183.3729248 72.4193799717
1.10205638596 -0.168593716465 1.28513922202 -0.953181427531 0.26772512182 0.140600232414 1186.32678223 72.6529908747
1.07459092864 -0.162538335821 1.28648275106 -0.949553897423 0.278221002517 0.144708222455 1177.14050293 72.8866017779
1.06193405367 -0.161139794166 1.28410403729 -0.94368641517 0.294936370541 0.149894920377 1180.80102539 73.1535856673
1.05027955785 -0.155474950845 1.28381153812 -0.936585173916 0.316856854843 0.149699517498 1180.76379395 73.3871965704
1.03610171091 -0.145499306271 1.2838675921 -0.93203795002 0.326807123625 0.156532308706 1178.19030762 73.6208074734
1.0265285903 -0.137346456229 1.28257735665 -0.925306570452 0.341001216536 0.165909375869 1178.77075195 73.8544183766
1.0151074294 -0.126285338367 1.28158229776 -0.917418325474 0.36138204786 0.166573201831 1175.83227539 74.121402266
1.0344098984 -0.133323035162 1.27654019414 -0.894898224238 0.414758122739 0.16472057515 1199.31030273 74.355013169
1.00574046642 -0.109911751682 1.28477213633 -0.870908913201 0.461065776738 0.17010589181 1172.34228516 74.5886240721
0.994996106717 -0.0990912070561 1.28187655613 -0.858436849452 0.485332628782 0.165947024509 1172.3182373 74.8222349753
0.993644823705 -0.0948464750548 1.28251024866 -0.880649752022 0.447841652234 0.154576417314 1171.87121582 75.0892188647
0.993988687603 -0.0933491604597 1.28188818903 -0.892820251529 0.424008373535 0.151950313034 1171.98583984 75.3228297677
0.993979775132 -0.0956904047905 1.28190561508 -0.894564000767 0.424809003282 0.13889765751 1172.79125977 75.5564406708
0.993287244649 -0.095870562166 1.281273403 -0.8958250497 0.423468636118 0.134802798758 1170.89465332 75.790051574
0.991308953859 -0.097169391618 1.28098911136 -0.898819484981 0.417036778965 0.134921675087 1172.45581055 76.0570354634
0.989870800802 -0.0970514773133 1.28085640613 -0.901349135764 0.413218139544 0.12969388809 1171.91662598 76.2906463664
0.989417697056 -0.0976066927781 1.28133439563 -0.905852270842 0.403301663937 0.129535444085 1174.40881348 76.5242572695
0.989838841781 -0.0981444906058 1.28143817592 -0.916293925284 0.378000698322 0.132366591544 1172.5682373 76.7578681727
0.9904275691 -0.0994460925148 1.28145048307 -0.927407132641 0.349205744073 0.134057296079 1172.63293457 77.0248520621
0.991992581915 -0.100339091708 1.28161673115 -0.93521686023 0.328341691491 0.132518519354 1172.89038086 77.2584629651
0.991898377644 -0.100883662728 1.28147557626 -0.942331655708 0.308325385781 0.130178750703 1173.43994141 77.4920738682
0.989537433149 -0.101409270807 1.28209101682 -0.950132017455 0.284348212579 0.128043912032 1176.74560547 77.7256847714
0.986657304844 -0.106099378869 1.28141289851 -0.957364322385 0.256857594215 0.132203368029 1177.24523926 77.9926686608
0.976667127239 -0.111848750786 1.27940478908 -0.962747198337 0.234968271953 0.13381981642 1171.44458008 78.2262795638
0.968309440482 -0.120761993421 1.27822052546 -0.965087627227 0.214279158133 0.150633044728 1172.65515137 78.4598904669
0.974079295913 -0.126817815571 1.27662212359 -0.964343114132 0.24307669328 0.104671292191 1175.79345703 78.6935013701
0.976203965817 -0.129952602924 1.27532666571 -0.9675935102 0.236403992614 0.0887465565201 1175.671875 78.9604852595
0.989736899043 -0.132838066672 1.27097542035 -0.949746090834 0.299539077596 0.0908774116053 1174.40795898 79.1940961625
0.989286233089 -0.114208568032 1.27491837219 -0.899916436002 0.433015478471 0.0514587564767 1148.38208008 79.4277070656
1.01379578837 -0.127288636039 1.26858331392 -0.839054295606 0.543533765449 0.0236418028592 1179.47094727 79.6613179688
1.01873358712 -0.123655085851 1.27086812472 -0.818189409507 0.572187969199 0.0562762656373 1181.1072998 79.9283018582
1.01904505186 -0.114806651107 1.2744116284 -0.835387286769 0.541391318228 0.0949922188989 1174.75183105 80.1619127612
1.01995286132 -0.105939371835 1.27891883529 -0.855127196054 0.498611549508 0.141929564455 1171.453125 80.3955236643
1.02202193974 -0.100299177836 1.28130890559 -0.853400712381 0.494160121742 0.165870425901 1169.85876465 80.6291345675
1.02897612154 -0.0972661386414 1.28064504061 -0.864510672694 0.463511823765 0.194365856131 1170.50317383 80.8961184569
1.03723672973 -0.0948991219036 1.27843702255 -0.872187685468 0.451279389899 0.188773815904 1169.67712402 81.1297293599
1.04391806135 -0.0927544339866 1.27727169613 -0.877853814765 0.447461181054 0.170737141104 1171.41210938 81.363340263
1.04640352042 -0.0904313835913 1.27728761718 -0.884274186255 0.436321833037 0.166380352017 1170.23486328 81.5969511662
1.04609022809 -0.0854541676715 1.27665186292 -0.880686843306 0.443953138646 0.165215903333 1165.61218262 81.8639350556
1.04498261847 -0.0821867951152 1.27641792139 -0.882803600454 0.443360683305 0.155206660698 1171.89929199 82.0975459586
1.04908784823 -0.0821628945125 1.27717059253 -0.919058646508 0.359296457134 0.161979196724 1181.34753418 82.3311568617
1.04761794951 -0.0760851739391 1.27916582925 -0.95666879613 0.243666628261 0.159409500283 1179.51379395 82.5647677649
1.05358885911 -0.0685014627395 1.28162809275 -0.959537088254 0.226683497769 0.167042414093 1174.88415527 82.8317516543
1.0605227459 -0.0594476429189 1.28271127838 -0.944993294533 0.280523568503 0.168208801201 1165.47705078 83.0653625573
1.06787293063 -0.0501023339361 1.2833453888 -0.917883669118 0.357911488218 0.171432017337 1167.2121582 83.2989734604
1.08202323797 -0.0459354157323 1.28122066864 -0.863880855467 0.469255625683 0.183054705818 1185.00048828 83.5325843636
1.08343707709 -0.0422704262464 1.28267801298 -0.812448244479 0.548676331306 0.197185530677 1181.52246094 83.799568253
1.07930759532 -0.0435861442314 1.28587817311 -0.837762537646 0.501560658086 0.2158491065 1175.4284668 84.033179156
1.07860639788 -0.0503662424417 1.28695865272 -0.887884091998 0.407303133449 0.21392988725 1174.81896973 84.2667900591
1.07816160457 -0.0562152958379 1.28744962814 -0.913096049814 0.354222396278 0.201945779325 1175.80151367 84.5004009623
1.07481580862 -0.0589232019702 1.28789524131 -0.922842374787 0.325777997151 0.20550096805 1174.54296875 84.7673848517
1.07390876644 -0.0597902210903 1.28830280091 -0.920618870563 0.330581562441 0.207790100192 1173.20007324 85.0009957547
1.07385888786 -0.0593116893934 1.28841043195 -0.911750267013 0.360717240053 0.196454888794 1171.24755859 85.2346066578
1.08039740435 -0.0596228198542 1.28795346044 -0.882017874099 0.434324377219 0.182775285865 1176.91467285 85.468217561
1.08295483102 -0.0579397899435 1.29127612623 -0.844975358064 0.505173557887 0.175545779433 1182.90820313 85.7352014504
1.09524534149 -0.0619075649165 1.2912133939 -0.800222982221 0.565709866815 0.199036492414 1193.92443848 85.9688123534
1.09533116262 -0.0605084193236 1.29154107695 -0.781973681794 0.590533490057 0.19946768686 1189.11328125 86.2024232565
1.08388233065 -0.0541971291871 1.29395172942 -0.771240315991 0.608249327001 0.187672936764 1173.20275879 86.4360341597
1.08244269398 -0.0537617066368 1.29125757887 -0.825473978051 0.540726659165 0.161886971774 1172.24169922 86.7030180491
1.08028097832 -0.0535825461766 1.29037453638 -0.854388735704 0.497718772529 0.149318156212 1171.85424805 86.9366289521
1.07648486274 -0.0526468484338 1.28956639631 -0.870754193746 0.473999015167 0.13081310215 1172.78540039 87.1702398552
1.07322177122 -0.0526850370114 1.28822929122 -0.88347828623 0.451026460089 0.12665405662 1174.39697266 87.4038507584
1.06744889039 -0.0538544281452 1.28612619445 -0.912650196808 0.39161234287 0.117087109356 1174.86169434 87.6708346478
1.06481263028 -0.0533396276967 1.28635169066 -0.918215742111 0.378333455364 0.117233303673 1175.89465332 87.9044455508
