2.21578329891 -0.634912336143 1.28646818097 -0.693437417568 0.717376369836 0.06719889819 1099.6685791 2.83672135706
2.20272931023 -0.624552037203 1.29201849655 -0.735666896981 0.67666419329 0.0303279772562 1076.61376953 3.13708008898
2.21217909272 -0.619987512467 1.30136188587 -0.891257237949 0.442192513525 -0.100629601939 1072.14978027 3.47081201335
2.40063846214 -0.656016077426 1.27744099306 -0.978004674841 0.184615890857 -0.0970764071859 1199.47265625 3.80454393771
2.36076359206 -0.643782829696 1.27792131068 -0.98484497723 0.164671888093 -0.0544384064446 1194.62792969 4.10490266963
2.38268287197 -0.65067357293 1.27935462929 -0.988366845032 0.148734452089 -0.031765427772 1201.97961426 4.43863459399
2.40329535648 -0.655000921826 1.27735805434 -0.990169335068 0.133892194075 -0.0404668785133 1207.40161133 4.77236651836
2.38816880296 -0.655059535053 1.28100193682 -0.990497498135 0.126412776646 -0.0541711739683 1200.64697266 5.07272525027
2.37792068601 -0.641374561941 1.27750134584 -0.991554514104 0.110925190309 -0.0671955929773 1200.86767578 5.40645717464
2.39580560964 -0.652962897098 1.27868568629 -0.991924823084 0.100037626943 -0.0779590824951 1203.64282227 5.740189099
2.40436163538 -0.6562941709 1.27624980746 -0.992082591978 0.0961515472612 -0.0807899167868 1206.85986328 6.04054783092
2.38585708607 -0.652363207728 1.27634985861 -0.991838858422 0.0961742285394 -0.0837030267665 1203.46398926 6.37427975528
2.38087287596 -0.647761559362 1.27792057342 -0.991661921074 0.0949142850167 -0.0871660070885 1202.56237793 6.70801167965
2.36853766707 -0.647183569459 1.27790400935 -0.991279279867 0.0951271590997 -0.0911932722731 1198.36376953 7.00837041156
2.35293685511 -0.645658725481 1.27735767217 -0.992045741003 0.0819838011365 -0.0955191295354 1194.73046875 7.34210233593
2.35460542193 -0.644187590218 1.27792597272 -0.992719222994 0.0647880052388 -0.101543383225 1195.0769043 7.67583426029
2.3286155041 -0.641424230391 1.27893744199 -0.993903489614 0.0362749682872 -0.104115224672 1193.44628906 7.97619299221
2.38284858117 -0.657806777277 1.26844251782 -0.994489842582 0.00196554769954 -0.104814548728 1205.84106445 8.30992491657
2.38922150166 -0.654187176715 1.26773695946 -0.995217798761 -0.0442144220674 -0.0871011935021 1204.02783203 8.64365684094
2.35722030731 -0.647363927816 1.27010111153 -0.995150382402 -0.0698073921453 -0.0693011140487 1201.86352539 8.94401557285
2.36973771161 -0.64509390467 1.27001999427 -0.995559477748 -0.0640856977499 -0.0689517919203 1203.30749512 9.27774749722
2.34941236677 -0.648073852962 1.27539969732 -0.995849491872 -0.0490857166945 -0.0766445168021 1201.16967773 9.61147942158
2.38185604253 -0.653391844028 1.27443997751 -0.995982880997 -0.0366846432678 -0.0816843786097 1208.52001953 9.91183815346
2.3606991733 -0.6478433836 1.27708885866 -0.995826303138 -0.0337976607975 -0.0847802577396 1204.24560547 10.2455700779
2.37748778345 -0.646759777479 1.26798625146 -0.995909975143 -0.024020621339 -0.0870995474102 1204.61242676 10.5793020023
2.3693475679 -0.649990905275 1.27062081046 -0.995813066646 -0.00863533798783 -0.0910042154867 1204.38867188 10.8796607341
2.35168045121 -0.645082364785 1.27706217091 -0.99544060013 -0.000502622886435 -0.0953821733073 1198.87719727 11.2133926586
2.35497489614 -0.646100504858 1.27716898479 -0.995130738732 0.00466883389013 -0.0984531097496 1196.18896484 11.5471245829
2.35912720792 -0.643103885902 1.27771838462 -0.995158432683 0.00831190768495 -0.0979316396899 1196.29284668 11.8474833148
2.34445110518 -0.644221123371 1.27546389834 -0.995001565751 0.0095351336679 -0.0994030451155 1194.46679688 12.1812152392
2.35568450307 -0.64493899253 1.27805762849 -0.99466570722 0.0084986619143 -0.102800309463 1205.46032715 12.5149471636
2.36842214602 -0.648028398189 1.27596991188 -0.994094433194 0.00911369002498 -0.108135093979 1204.70788574 12.8153058954
2.38603116474 -0.647089555636 1.27336934208 -0.993626004286 0.00552486151248 -0.112591471749 1208.17089844 13.1490378198
2.42708629554 -0.642797838556 1.26343491345 -0.993877615385 0.00250551862987 -0.110458173131 1213.94677734 13.4827697442
2.25663929818 -0.63842884258 1.26212931925 -0.990217789759 -0.00903639769064 -0.13923746753 1199.48583984 13.783128476
2.23188303588 -0.63523248184 1.26360506601 -0.9987974601 -0.00659093378535 -0.0485818205718 1189.76611328 14.1168604005
2.33590674308 -0.665442376727 1.2785850651 -0.974383519978 0.220624028726 -0.0436095625304 1190.47119141 14.4505923248
2.31374699327 -0.65099319449 1.27501042113 -0.962052410737 0.252405128757 0.103666821949 1196.94445801 14.7509510567
2.29412169006 -0.647403292427 1.27970928422 -0.960412083749 0.257175621781 0.107094952968 1172.95556641 15.0846829811
2.32644522288 -0.652116240112 1.27659436014 -0.956677540366 0.270793653662 0.106952704009 1189.11962891 15.4184149055
2.29014988131 -0.63121021444 1.28049513844 -0.919818650629 0.361212729069 0.153163358257 1199.26586914 15.7187736373
2.28621188461 -0.633512855737 1.28433013909 -0.901146381523 0.393170476898 0.18262577902 1201.7722168 16.0525055618
2.25958824406 -0.626594842558 1.2824614596 -0.893512596674 0.409043484173 0.18525298281 1208.01831055 16.3862374861
2.27675961996 -0.651525953492 1.30058093192 -0.882913439474 0.433539438118 0.180298125315 1183.3951416 16.686596218
2.22316003671 -0.658241816694 1.28719630023 -0.858861980728 0.481057653723 0.175896651061 1201.9152832 17.0203281424
2.0956453992 -0.666952919787 1.29372966237 -0.804754922921 0.555028552806 0.210506103481 1166.82519531 17.3540600668
1.96087411663 -0.686818259648 1.27691332021 -0.772760887177 0.591224075741 0.230856456514 1133.60095215 17.6544187986
1.90716563495 -0.723780324995 1.2533737305 -0.828444673254 0.54204927112 0.14093264716 1166.87976074 17.9881507231
1.70628450836 -0.699581516524 1.24845680235 -0.868111094225 0.483563433159 0.112024703502 1128.72180176 18.3218826474
1.38843677988 -0.622826501765 1.28255473018 -0.907137218499 0.414466698769 0.0729343706713 1066.75952148 18.6222413793
-0.640011567545 -1.05801974775 1.20315745905 -0.826525537334 -0.47843002794 0.296580924036 426.576080322 18.9559733037
1.42422311048 -0.662460045935 1.20657557653 -0.918804301328 0.392761079541 -0.0392095684583 1089.37597656 19.9237958844
1.40827782792 -0.765460337444 1.29871840152 -0.904330169721 0.406439946133 0.130359174279 1151.81860352 20.2575278087
1.21245677667 -0.747435561561 1.27317761595 -0.910463534651 0.41256773154 0.0290520044541 1127.84118652 20.5578865406
1.38957770495 -0.786206386911 1.22863553275 -0.886763911673 0.457723364068 0.0643357360949 1191.8717041 20.891618465
0.0264628617335 -0.606461414782 1.44195185365 -0.760701501737 0.647774387651 -0.0414917818241 899.280456543 21.2253503894
0.101923368292 -1.84752656804 1.09205758058 -0.711215491528 0.695071691647 0.105108839217 17597.7265625 21.5257091212
-0.543690906815 -1.12760640239 1.21245521178 -0.92813278768 0.37216476815 -0.00793182077719 2627.91967773 21.8594410457
-0.676697786133 -1.08674681895 1.20547485128 -0.638991167737 0.764971504168 -0.0806776633641 561.842041016 22.19317297
-0.636978660841 -1.06485573258 1.17166890788 -0.727060159767 -0.321899829168 0.606435506928 600.759399414 23.1609955507
-0.631865706774 -1.04780813427 1.18781318093 -0.556628285272 -0.720651904078 0.413310761031 412.509979248 24.1288181313
0.128676769384 -0.609134682655 0.932106474375 0.0387747351398 0.798448157033 0.600813665329 1325.47521973 24.4291768631
0.0952008435013 -0.736428744826 0.877018961522 0.0563330117889 0.85367559767 0.517749520257 1528.46362305 24.7629087876
0.159370998772 -0.777401207304 1.16486577702 0.0307519077147 0.959830663178 0.278889616507 1100.96520996 25.0966407119
-0.637591391001 -1.06505696981 1.17898237716 -0.751936434669 -0.366621267509 0.547887255215 517.165466309 25.3969994438
-0.289067666118 -2.61122318815 2.67166946656 0.128782415073 0.883213295817 -0.450942749872 4381.9375 26.3648220244
0.0211997994375 -1.22978720185 1.74355098138 0.0122954232918 0.964995713404 -0.261977280844 1847.3828125 26.6985539489
-0.622244970827 -1.03538065926 1.1809418343 -0.563978975046 -0.717013939209 0.409656840156 620.155273438 27.6663765295
-0.65838539104 -1.08169244302 1.19882396196 -0.955021288717 0.0965989036447 0.280362247659 327.106323242 28.0001084539
0.512826818039 -0.842467352974 1.14653971794 -0.773601462313 0.588955310898 0.233821340498 1268.74438477 28.3004671857
-0.0333674019624 -0.764049614381 1.27221576015 -0.838460172435 0.448346803442 0.309789740119 1147.62109375 28.6341991102
-0.389087848983 -0.784089754832 1.26776817588 -0.863831565254 0.355029480291 0.357420053989 1106.2824707 28.9679310345
-0.433412830476 -0.821681945865 1.28359461325 -0.896015368258 0.308701106895 0.319155270122 1069.96105957 29.2682897664
-0.498698516902 -0.839856758237 1.28088379914 -0.899799058548 0.309564289116 0.307459924448 1063.21142578 29.6020216908
-0.447773783425 -0.847741469705 1.26627950152 -0.905825985636 0.315584448999 0.282640654006 1081.58581543 29.9357536152
-0.469400828202 -0.877506968771 1.25472520002 -0.920752929358 0.274314281881 0.277426959462 1082.41357422 30.236112347
-0.624767220903 -1.07200046362 1.170473204 -0.834294316232 -0.062791119998 0.547731931835 972.876098633 34.1074026696
-0.637212195558 -1.04431296009 1.1833100196 -0.333832015516 -0.817960504232 0.468504854758 341.188537598 34.7748665184
-0.60727643896 -1.09284755702 1.17958933197 -0.915412692411 0.199088071849 0.349833592187 1215.37280273 35.0752252502
-0.616724210609 -1.09690679943 1.20380982393 -0.925005355902 0.33833825193 0.172893952567 1076.86743164 35.4089571747
-0.623245691582 -1.10151341226 1.19642681726 -0.900339412885 0.394262642751 0.184244159032 1116.13708496 35.742689099
-0.602611880489 -1.07730147858 1.19233473423 -0.972857527704 0.00481119835465 0.231354885745 1123.57800293 36.0430478309
-0.624202362828 -1.07417955269 1.16494240526 -0.801841330493 -0.0169544974836 0.597296430367 1069.56774902 36.3767797553
-0.574541034932 -1.26802487891 1.21143494881 -0.103417335296 0.989518715701 0.100784751014 2349.24755859 51.5282091212
-0.569976640815 -1.30625070462 1.21220385539 -0.0718610197982 0.995348100512 0.0641728341426 3010.06713867 51.8619410457
-0.56016756629 -1.43000777875 1.20573226991 -0.0915167271251 0.994576675335 0.0494158429706 5233.40136719 52.19567297
-0.552606219512 -1.58659344913 1.2097313315 -0.0757308656438 0.996702749631 0.0291284202747 8199.44140625 52.4960317018
-0.500225267388 -2.08318263498 1.18715395735 -0.0857789313214 0.99553491896 0.0393979704192 17381.5410156 52.8297636263
0.0871887901846 -1.4203730611 1.24634311127 -0.911982647098 0.408983900948 -0.0319346232088 13800.9707031 53.1634955507
-0.361005478186 -1.22672416864 1.22594805819 -0.90302396099 0.429224874734 -0.0177125036968 4906.72265625 53.4638542825
-0.424467557874 -1.20635843321 1.21908725019 -0.886969733489 0.461806525321 0.00440738532027 3698.4440918 53.7975862069
-0.509232862697 -1.16566063774 1.21951916454 -0.884762857945 0.464003749884 -0.0435339556585 1969.04199219 54.1313181313
-0.481717336693 -1.18183355687 1.21292788744 -0.893014844667 0.446178357448 0.0587312569959 2818.27514648 54.4316768631
-0.518790534101 -1.16458386212 1.21286824517 -0.834270362263 0.546952736831 0.0695389554287 2004.82495117 54.7654087876
-0.531497960288 -1.16122895866 1.21563489777 -0.794511171811 0.603754929106 0.0650536966479 1836.74255371 55.0991407119
-0.555419426744 -1.14822463337 1.21479872288 -0.676563474149 0.722441584947 0.142618448271 1315.3671875 55.7332313682
1.27049379909 -0.438691327156 1.28203938917 -0.649476126986 0.743021110651 0.161556149996 1093.6340332 56.0669632926
-0.454463559198 -1.71566390433 1.17952863321 -0.30996658689 0.948813411929 0.06061208093 4506.71044922 56.3673220244
0.0598200836828 -2.70342330622 1.16819484116 -0.40561981503 0.913537097575 0.0303732943292 13272.5048828 56.7010539489
-0.709070660423 -1.17044222082 1.20549373581 0.234436574718 0.953881663645 0.187481370264 1521.9588623 57.0347858732
-0.709276195308 -1.16732304372 1.20574643567 0.244042783017 0.953229003972 0.178318776473 1587.26147461 57.3351446051
-0.709503952649 -1.15873455417 1.20618851712 0.251493152266 0.946933202248 0.200171688418 1558.2253418 57.6688765295
-0.710413965876 -1.15914867864 1.20620105369 0.247711962 0.946631519112 0.206222091218 1636.02990723 58.0026084539
-0.418344515834 -2.49919080039 1.07101579423 0.113166375532 0.982269291308 0.14946708936 2542.7097168 58.3029671857
1.06839413302 -0.648686065908 1.28048043274 -0.591823519266 0.7844501694 0.185426141016 1354.98754883 58.6366991102
0.125648990234 -2.9638777298 0.897843084689 -0.0225210457982 0.981563895019 0.18980285164 3395.45605469 58.9704310345
3.66059780669 -6.27648644936 0.238589156135 -0.47734062206 0.865727440824 0.150538794791 5441.04443359 59.9382536152
0.714728527776 -0.55703887316 1.23701471684 -0.60488568474 0.791599920202 0.0865036111054 1257.91381836 60.238612347
1.14597606812 -0.938344619557 1.14636122922 -0.588672979727 0.800029294769 0.115832855661 1740.63891602 60.5723442715
1.46103997977 -1.40688141848 1.12716795077 -0.567017153064 0.818996127629 0.0879595990174 2176.52563477 60.9060761958
1.75225619986 -1.96892020692 1.09176950403 -0.541671104005 0.83758302011 0.0710429413009 2692.40722656 61.2064349277
0.83549399778 -0.458198550891 1.19927143456 -0.470687576517 0.878853671814 0.0779065392093 1256.11877441 61.5401668521
0.781002708338 -0.363066714557 1.22293223823 -0.371591677337 0.923219401006 0.0979058881698 1198.11706543 61.8738987765
0.755218450604 -0.308780174034 1.24054141354 -0.364096753287 0.919616137806 0.147443932842 1154.38720703 62.1742575083
0.762674127395 -0.338921495782 1.22541697387 -0.383747703775 0.910963891597 0.151269587343 1179.96582031 62.5079894327
0.814525594157 -0.371958550585 1.1988169916 -0.418388501806 0.894654406311 0.156667018944 1233.24719238 62.8417213571
0.840486603668 -0.580009767003 1.20862055581 -0.292070169832 0.954902318221 0.0534469695144 1398.51757813 63.1420800889
0.73442692107 -0.179330720739 1.2421684536 -0.152655075457 0.988196201014 0.0128334032277 1043.89501953 63.4758120134
0.628733756129 -0.0174142929589 1.4004428593 -0.204115437812 0.978911365757 0.00833222899824 869.565307617 63.8095439377
-0.63658322278 -1.0599357538 1.19788557504 -0.823619986301 -0.460558711411 0.33096191852 460.100219727 64.1099026696
-0.631576336668 -1.04595030579 1.18557034175 -0.486927422291 -0.74960890431 0.448317048529 399.542327881 64.443634594
-0.60445314702 -1.09456836987 1.15545179059 -0.81555669515 0.213508280616 0.537848948224 1572.63903809 65.0777252502
-0.672820730364 -1.074746287 1.22521902832 -0.948201705478 0.311842847808 -0.0605604161132 178.282424927 65.4114571747
-0.655885536071 -1.29351203853 1.20594785023 0.0141024238691 0.999732885286 0.018310644962 2010.31140137 68.9490155728
-0.664504200352 -1.26610408525 1.20108383447 0.0131878255742 0.999508794544 0.0284297535222 1780.73571777 69.2827474973
-0.672105732762 -1.24543329871 1.19761990424 0.0762769733333 0.995064253994 0.0634740400701 1628.6463623 69.6164794216
-0.681419142876 -1.23388095114 1.1972306558 0.101950714832 0.988989799119 0.107262430439 1545.91101074 69.9168381535
-0.684422465529 -1.20888648423 1.19697847298 0.131592880501 0.988100925561 0.0796233301648 1363.2310791 70.2505700779
-0.621167055029 -1.41245968653 1.21021908512 -0.140739546383 0.990044348567 -0.00213727716562 3305.25976563 70.5843020023
-0.622444321494 -1.29068263429 1.22297881364 -0.242611220379 0.968883078729 -0.0490446276117 2263.65625 70.8846607341
-0.628428646901 -1.20406376229 1.2308807226 -0.395729881604 0.911818980556 -0.109471491742 1504.98120117 71.2183926586
-0.678356662927 -1.1095173316 1.21458739001 -0.319835049466 0.944833862139 -0.0706718762097 449.97644043 71.8524833148
0.891154222036 -0.71578662462 1.23847946417 -0.561522282085 0.815114674744 0.142410651779 1300.72192383 72.5199471636
0.888648154045 -0.721772084215 1.23705475364 -0.568227263357 0.803330511705 0.178263473942 1340.2935791 72.8203058954
0.874222887254 -0.72736450495 1.23523231912 -0.54450388256 0.812310234653 0.208967951024 1357.14892578 73.1540378198
0.843429256616 -0.712542997401 1.23524198592 -0.514966354031 0.838267123526 0.17921463063 1330.61181641 73.4877697442
0.808573784263 -0.694278309938 1.23624437791 -0.527752059137 0.831537488429 0.173271952184 1317.31787109 73.788128476
0.774542189071 -0.687244910506 1.23834538704 -0.516158501659 0.834510039069 0.192804034858 1317.25439453 74.1218604005
0.74775914896 -0.690547068949 1.24001787896 -0.416047504602 0.880809389721 0.226007285047 1315.33496094 74.4555923248
0.728355292394 -0.713129854635 1.2319661334 -0.383017523358 0.902036328291 0.199067926205 1350.40209961 74.7559510567
0.682147622492 -0.653100623215 1.24381085203 -0.488818338034 0.849802444062 0.197211659054 1235.94580078 75.0896829811
-0.630063725053 -1.18818449058 1.23162719211 -0.175263367794 0.971015189829 -0.162518469813 1701.58996582 75.4234149055
2.5394782585 -5.87443424611 -0.0103968115362 -0.398421173316 0.899629068079 0.178684382417 5895.49072266 75.7237736373
-0.64391758478 -1.06079772737 1.17417660157 -0.616828597188 -0.439448466523 0.652998872099 525.658813477 76.3912374861
-0.635243606658 -1.04836595994 1.18041638716 -0.433510255228 -0.72950079166 0.529053356079 377.24508667 76.691596218
0.334167720107 -0.424685006522 1.25458123659 -0.162830158697 0.960720539853 0.224727354193 1104.69970703 77.3590600668
0.265313555435 -0.228233064712 1.30679683224 -0.195775207599 0.964606900948 0.176651053588 932.870910645 77.6594187986
-0.557472131895 -1.05959284741 1.17888547051 -0.957008918833 -0.148064163967 0.249421195214 1714.90148926 77.9931507231
-0.598725115416 -1.0682691733 1.16198985366 -0.847140726199 -0.107550792076 0.52037046144 1236.0579834 78.3268826474
0.106338559227 -0.42995510221 1.24187900146 0.187869488031 0.980849541551 0.0513734591596 1109.85180664 81.2303503894
0.105902083888 -0.395309079631 1.25099283537 0.23214722939 0.969614230483 0.0771745290341 1083.30212402 81.5307091212
0.0709006787553 -0.403996827339 1.22956299916 0.317503809213 0.935445590224 0.155347606565 1115.61181641 81.8644410457
0.136079731117 -0.28186303565 1.29266497979 0.363691290881 0.91034955164 0.197464778547 1011.48931885 82.4985317018
-0.00686385816851 -0.717804025581 1.12958904082 0.321259761212 0.917646628914 0.233916289021 1412.84899902 82.8322636263
0.0916613819003 -0.335672724348 1.25198245849 0.244774087856 0.950003540937 0.193852825933 1094.35424805 83.1659955507
0.0934284525636 -0.352382635155 1.24218004851 0.10418175325 0.970004925573 0.219628337546 1143.47827148 83.4663542825
0.123386222947 -0.310735043353 1.24811728046 0.0903342214666 0.962472985754 0.255901309346 1123.05847168 83.8000862069
0.114977273387 -0.192263301625 1.2509016822 0.00293678424043 0.985101333031 0.171949815232 1036.43835449 84.1338181313
0.10680272094 -0.311003843233 1.27561881794 0.00529763839409 0.99388235739 0.110316792449 1148.54663086 84.4341768631
0.109709985712 -0.214601465021 1.25234150496 -0.0162566448763 0.990586304194 0.135920916126 1069.86694336 84.7679087876
0.100359624747 -0.256100417202 1.2558715487 -0.0349184075732 0.991675016784 0.123940977485 1104.20263672 85.1016407119
0.0882236857145 -0.287926299855 1.26998675903 -0.0260119771797 0.997129733275 0.0711032493072 1128.05554199 85.4019994438
0.1070588411 -0.266409756005 1.28392802902 -0.0364462379657 0.999245347523 0.0134315744622 1094.79882813 85.7357313682
0.0456281072127 -0.766714433462 1.1432859559 -0.0300878579692 0.999202003237 0.0262693267672 1540.24023438 86.0694632926
0.129003047322 -0.383356529841 1.24234146326 -0.24349999838 0.968254038678 0.0564966138077 1184.26477051 86.3698220244
0.0320053644088 -0.437713994938 1.27644967293 -0.123836465831 0.991653398039 0.0358896626863 1203.94677734 86.7035539489
0.0878613350158 -0.299308190353 1.28817233286 0.0597704493422 0.997796626511 0.0287990539455 1116.36999512 87.0372858732
0.074637681343 -0.393207602756 1.27098689654 0.113817867855 0.992943644192 -0.0332928282869 1284.00866699 87.3376446051
0.0452235870552 -0.605154788823 1.24691990986 0.100675163894 0.99408099454 -0.040834883009 1602.19372559 87.6713765295
0.087391880438 -0.396765655779 1.24206876321 0.039535728159 0.998882130541 -0.0259116862831 1492.11181641 88.0051084539
-0.364867730863 -1.55388150548 0.999200813568 0.181309302128 0.965170226528 0.188609042164 3100.56762695 88.3054671857
0.0968213412385 -0.216236966716 1.27987926342 0.0386757365359 0.981378675552 0.188149096661 1329.38342285 88.6391991102
1.75326356121 -4.44148065662 1.69719763569 -0.35650472289 0.931743820403 -0.0689770664683 6444.90039063 88.9729310345
0.0656766146236 -0.0847056406329 1.30697943356 -0.00828958739352 0.996056708256 0.0883307233009 1159.22973633 89.2732897664
0.0775744239978 -0.338557990182 1.2543711313 -0.08714672319 0.988146859889 0.126377339457 1444.82995605 89.6070216908
0.135568470723 -0.563544175974 1.22385219071 -0.257137424757 0.958560091891 0.122649480319 1711.07617188 89.9407536152
0.0749168089587 -0.460539631419 1.23933067877 -0.30818224903 0.930547231852 0.197751234321 1559.76208496 90.241112347
0.0870647923084 -0.502122515173 1.23597462708 -0.335760951497 0.925378505323 0.175895438648 1589.12255859 90.5748442715
0.0631953534115 -0.502046203469 1.23920089669 -0.27628622025 0.947810114913 0.15912859758 1573.5078125 90.9085761958
0.054854554828 -0.569855573935 1.21740643179 -0.155148524741 0.961580081193 0.226478879202 1619.17456055 91.2089349277
0.0143668780453 -0.540767995383 1.23098314465 -0.0801794923915 0.982672331113 0.167111755018 1560.51257324 91.5426668521
0.127920884698 -0.301119874962 1.33503510578 0.293955756923 0.948014961797 0.121891940587 1257.26721191 91.8763987765
-0.637105576167 -1.03706743922 1.18163663356 -0.213810050012 -0.88386853798 0.416006814948 334.676727295 92.1767575083
-0.0558838391285 -0.476451674811 1.23950414739 0.784356450602 0.578168936286 0.224734597943 1478.22631836 93.1445800889
-0.0710824371843 -0.469013220047 1.2197944955 0.55546759315 0.803220069697 0.215158714899 1478.32116699 93.4783120134
-0.0920242203282 -0.492111250255 1.20883418812 0.35934200635 0.913795105163 0.189345790166 1496.52880859 93.8120439377
-0.0514679795973 -0.438015636954 1.23408826763 0.237510533159 0.964655783223 0.114140117984 1430.48254395 94.1124026696
-0.0844896423753 -0.514044748594 1.20948293563 0.194956908203 0.977890684662 0.0756413431604 1528.12719727 94.446134594
-0.097585430065 -0.512572317118 1.20612271422 0.0334234668101 0.99374533961 0.106550794786 1534.69030762 94.7798665184
-0.267612614111 -0.723360655095 1.26855337956 0.21061409338 0.977382747447 -0.0190962996738 1814.7175293 95.0802252502
-0.534581780158 -1.33634554056 0.901189027473 -0.350025185918 0.629408352656 0.693777698423 11857.8710938 95.4139571747
-0.155108644546 -0.495465475802 1.26749571013 0.0696459408472 0.994099975499 0.0831545647327 1580.95495605 95.747689099
-0.118805214411 -0.331991369593 1.26079464708 0.0483570607723 0.989298103611 0.13766211122 1402.09204102 96.0480478309
-0.152185931449 -0.414664560156 1.2085049631 0.0229593371178 0.984827859043 0.172008595399 1515.26147461 96.3817797553
-0.0795582424165 -0.227856647394 1.29907574425 0.100785045116 0.984870861554 0.140967232868 1287.0534668 96.7155116797
-0.116086672646 -0.340033635325 1.2198420496 0.156520080351 0.987020783169 0.0359365835876 1399.86071777 97.0158704112
-0.133886335116 -0.355489812788 1.23518960764 0.0664741925749 0.997513132545 0.0234250319319 1397.94665527 97.3496023364
-0.180074737402 -0.399129710689 1.24352859148 0.0279726760852 0.998867380013 0.0384900836385 1423.46691895 97.6833342605
-0.211983956022 -0.457619189563 1.23862294985 0.0169281514439 0.999479553913 0.0274601347211 1478.07214355 97.9836929919
-0.200057765264 -0.425393248357 1.24913529259 0.0991380137847 0.991718136932 0.0816504201001 1440.49255371 98.317424917
-0.17785890859 -0.42251334126 1.24389689498 0.130784080701 0.983291649769 0.126621703237 1441.21704102 98.6511568412
-0.176430622359 -0.401051686027 1.24766455254 0.146194103784 0.977607164825 0.151365502349 1428.24658203 98.9515155725
-0.17623651198 -0.417828152422 1.24466141806 0.172685513694 0.966485913187 0.189959714075 1451.69689941 99.2852474977
-0.175042492571 -0.437784583353 1.23675230244 0.137405251116 0.973089077288 0.184979578951 1478.31787109 99.6189794218
-0.173010743104 -0.427140773562 1.24032766245 0.0261223253366 0.982507516524 0.18438168047 1477.86218262 99.9193381532
-0.179641039203 -0.406805492752 1.25179317141 -0.0204452003816 0.974204418501 0.224739281735 1482.51550293 100.253070078
-0.194118802955 -0.384995499752 1.25472539977 0.00223582869861 0.956955916043 0.290224698846 1463.38110352 100.586802002
-0.211789261738 -0.361746093958 1.25570720309 -0.0888112003994 0.936181142364 0.340113862354 1429.70812988 100.887160734
-0.234884520044 -0.367627244773 1.26025153296 -0.139192189385 0.912654553926 0.384300923253 1463.58422852 101.220892659
-0.259908565509 -0.387640457822 1.26599084195 -0.10204931017 0.902351024913 0.418746422233 1487.53747559 101.554624583
-0.272882904856 -0.390842614183 1.2677565188 -0.0251252083691 0.895284438713 0.444785900972 1451.65698242 101.854983314
-0.295599536778 -0.399680261128 1.26093432897 -0.0327893854346 0.875903014091 0.481371754582 1460.34265137 102.18871524
-0.321755981892 -0.42154198068 1.25397075175 -0.0316905460637 0.873370421163 0.486024502189 1441.97827148 102.522447164
-0.347482399589 -0.427588399696 1.25852440134 -0.00668997757897 0.918494817198 0.395376421882 1457.45776367 102.822805895
-0.374531600051 -0.418696723444 1.25312328751 0.0969379306486 0.893802464314 0.4378586443 1464.13317871 103.15653782
-0.403689843445 -0.403420850865 1.2447147046 0.226567896623 0.898692892077 0.375523732871 1450.67163086 103.490269744
-0.427756570767 -0.394224204258 1.24007036701 0.395791811517 0.871439926083 0.289726245211 1456.06359863 103.790628476
-0.451350421948 -0.383562859169 1.23594241998 0.446416274898 0.854254694725 0.266385859322 1445.50671387 104.124360401
-0.474826848179 -0.366295413571 1.2420327092 0.441065633882 0.811212813981 0.383920404566 1454.70361328 104.458092325
-0.506444598377 -0.363799639653 1.24256107981 0.474775665057 0.788522530881 0.390922353111 1465.95495605 104.758451056
-0.532320625053 -0.350082734885 1.25263100237 0.506650206395 0.764526885911 0.39850245806 1473.38537598 105.092182982
-0.57577529362 -0.35030634812 1.24599903834 0.423481509293 0.775750993781 0.467839509806 1470.609375 105.425914906
-0.62243691574 -0.380780065484 1.21772603774 0.306828024481 0.819285583219 0.484383831814 1515.83959961 105.726273637
-0.68511565915 -0.393055612843 1.19257061397 0.308448423199 0.830523899912 0.463777556488 1549.97741699 106.060005562
-0.659874105957 -0.25319318054 1.28560483402 0.244120545374 0.854306103204 0.458874973555 1371.6418457 106.393737486
-0.750588640917 -0.425393917408 1.17245801498 0.223473881175 0.867201693566 0.444995109085 1584.75878906 106.694096218
-0.685302874508 -0.259204124862 1.31508506454 0.240470363699 0.877192384651 0.415580948182 1336.4609375 107.027828143
-0.72247660366 -0.312205167151 1.25190375454 0.298751720385 0.890122292785 0.344136184459 1398.85241699 107.361560067
-0.692427397348 -0.328959060984 1.26693516311 0.364814868078 0.866847008459 0.339832864735 1369.95678711 107.661918798
-0.7879031438 -0.468756342688 1.20746834727 0.475086705642 0.800381570273 0.365625442344 1508.83764648 107.995650723
-0.840464233582 -0.364124467067 1.24643511185 0.231382424949 0.968750150746 0.089360611317 1344.68676758 109.297205228
-0.959980462609 -0.591589064908 1.18896487965 0.140994996983 0.983039242733 0.117278549072 1613.54675293 109.59756396
-0.987616981442 -0.597559268039 1.18475911056 0.163031121876 0.986619816795 0.00148000246905 1623.37695313 109.931295885
-1.01698689602 -0.592439571168 1.19408725519 0.259073123807 0.964118043726 0.0579440616699 1640.58581543 110.265027809
-1.05394963868 -0.590373579905 1.18801454907 0.35825667254 0.933474128214 -0.016679584373 1658.1427002 110.899118465
-0.935939216876 -0.391937970908 1.23432866267 0.528970894503 0.844468936326 0.084035756372 1422.92211914 111.23285039
-0.883745116146 -0.351368479357 1.25246795893 0.628519616999 0.762287219437 0.154535711503 1371.43395996 111.533209121
-0.921245576321 -0.413183809239 1.23558949856 0.722009409101 0.672980557719 0.160622483178 1437.3737793 111.866941046
-0.938444033613 -0.453216013915 1.21258194161 0.729961089947 0.656544594168 0.190015796801 1473.04077148 112.20067297
-0.881905953173 -0.432962183655 1.22895961279 0.711747611661 0.68493484117 0.155819127987 1439.453125 112.501031702
-0.831178418239 -0.420841512983 1.23940749977 0.798669909979 0.582353470784 0.151627207186 1408.75280762 112.834763627
-0.844601826385 -0.447935435714 1.22174481434 0.830652266724 0.521628186189 0.194732758309 1448.02893066 113.168495551
-0.626537064038 -1.1490011606 1.29297005097 0.62313944865 0.762124075842 -0.175681873163 1414.43066406 113.468854282
-0.76358873534 -0.431113060317 1.24061839588 0.601719030582 0.790554326132 -0.113833499765 1400.05773926 113.802586207
-0.760863954099 -0.403729425076 1.2587288119 0.612467745763 0.78976902899 -0.0338842330255 1420.36889648 114.136318131
-0.7549302815 -0.461880014504 1.24208987288 0.687884254576 0.722882669455 0.0652372478614 1443.73632813 114.436676863
-0.770045249049 -0.476036351651 1.21790503505 0.613097557072 0.780173544726 0.124260313947 1485.74645996 114.770408788
-0.69376518293 -0.422439280768 1.24692301001 0.565837372569 0.811607444808 0.145332113925 1414.55029297 115.104140712
-0.701091637697 -0.470742780183 1.22256774652 0.573976655758 0.809539564312 0.123274054282 1455.53613281 115.404499443
-0.688686643719 -0.418345415308 1.25470809658 0.594505054026 0.778192266878 0.202436499943 1458.58984375 115.738231369
-0.671203883625 -0.466929670328 1.22518218231 0.551919796249 0.800784195746 0.232656851076 1466.96325684 116.071963293
-0.6712928731 -0.490198063331 1.21679241485 0.453607009478 0.872769712838 0.180315582534 1501.53637695 116.372322024
-0.58742472302 -0.375220548592 1.28225282922 0.460166195847 0.865699226669 0.197007413932 1377.36193848 116.706053949
-0.621497995154 -0.467142758176 1.23409175887 0.488909122147 0.836143539003 0.248660114343 1470.97229004 117.039785873
-0.627528730135 -0.483156352173 1.22431451785 0.465992598343 0.846335066289 0.258007468613 1491.40197754 117.340144605
-0.627052910263 -0.473590886771 1.23388166064 0.381521113446 0.891374887596 0.2447293398 1479.59106445 117.67387653
-0.581366980354 -0.447828954383 1.24828139701 0.395843591351 0.895513555937 0.203379749041 1425.40881348 118.007608454
-0.614979920044 -0.478306042691 1.23627157726 0.409983868056 0.880736884162 0.237098647847 1465.82568359 118.307967185
-0.594886143191 -0.440246202552 1.25196375529 0.31469741002 0.925037917784 0.212768397061 1409.30212402 118.641699111
-0.534966055445 -0.329629940044 1.29109732439 0.33947066321 0.92396481443 0.176206386136 1251.90588379 118.975431035
-0.632276840015 -1.07270479221 1.17409821833 -0.81672872961 -0.102944653716 0.56776454671 768.092529297 119.275789766
-0.725658409159 -0.530913185123 1.20998981373 0.610641031472 0.778348518034 0.145914753051 1527.20373535 119.609521691
-0.713621217754 -0.547396916623 1.20439230143 0.43518193932 0.830884782038 0.346766720818 1517.71459961 119.943253615
-0.631288572727 -0.452357236194 1.26558724568 0.466490399467 0.857577489378 0.216673849177 1366.58532715 120.243612347
-0.6802123854 -0.490511128197 1.24728688629 0.537787942758 0.817664893946 0.205446464637 1420.34936523 120.577344272
-0.765797530886 -0.559817635685 1.2128453106 0.558678149279 0.799214014908 0.221665703013 1507.39025879 120.911076196
-0.751804336743 -0.53647412321 1.22492446716 0.538891341362 0.815283113276 0.211918775508 1477.57714844 121.211434927
-0.683450728606 -0.455751128538 1.26180932685 0.586200075321 0.80285373352 0.108606419086 1382.67700195 121.545166852
-0.777324823521 -0.530497894826 1.21889568305 0.623015517419 0.773656773258 0.11535537372 1484.72106934 121.878898777
-0.744612380694 -0.495338022133 1.23179456893 0.588658712888 0.799900473453 0.116791062628 1449.94470215 122.179257508
-0.706530971821 -0.465150106617 1.24338909113 0.596180145556 0.799194480321 0.0765337616319 1409.43017578 122.512989433
-0.722833724076 -0.482893497919 1.23215205543 0.618761440459 0.78084237999 0.0861362723411 1442.15319824 122.846721357
-0.731425891687 -0.483604178133 1.22582380097 0.596220330086 0.795236060837 0.11009507499 1460.32885742 123.147080089
-0.744896874624 -0.477945973196 1.22322836692 0.566231597497 0.800502655626 0.196410988316 1474.67663574 123.480812014
-0.645926424572 -0.361906215733 1.27269814257 0.448519842371 0.846295028642 0.28742768742 1329.27087402 123.814543938
-0.756823804557 -0.463911627441 1.22494478995 0.398814949597 0.878221550508 0.263957466651 1481.52148438 124.114902669
-0.690879089661 -0.35174680843 1.29782806898 0.458447065757 0.847259460038 0.268286591681 1351.49475098 124.448634594
-0.764618213375 -0.46011259143 1.2317086237 0.522699269573 0.786330153451 0.329348392074 1477.0625 124.782366519
-0.696732235314 -0.428383708705 1.2381683596 0.485695103949 0.845061864654 0.223541295754 1390.55114746 125.08272525
-0.734993552776 -0.424419284184 1.23645023983 0.501342031932 0.860150976537 0.0937894694562 1421.4375 125.416457175
-0.72017719899 -0.36911940148 1.24363013431 0.532086960442 0.843912230266 0.0685245513407 1373.73791504 125.750189099
-0.860648712909 -0.50099874887 1.20915711504 0.543278878933 0.8289430804 0.133046717969 1564.23706055 126.050547831
-0.838109396905 -0.54361488404 1.18294799333 0.456482308473 0.879101345016 0.137130329403 1550.13513184 126.384279756
-0.793860657502 -0.480249128186 1.21827721629 0.390810630735 0.911219274069 0.130178667487 1459.71252441 126.71801168
-0.733527533177 -0.401529177516 1.31208605922 0.400881701555 0.914229067328 0.0589836740983 1340.61108398 127.018370411
-0.775040403363 -0.461405702379 1.22833292466 0.400635527864 0.914868847367 0.0500616213247 1410.31896973 127.352102336
-0.742469493925 -0.413961649699 1.22313547997 0.364211459555 0.93124497167 -0.0115245594082 1338.9798584 127.685834261
-0.797992502499 -0.473762336661 1.19973181352 0.384242002433 0.922776770843 0.0290019785528 1412.17419434 127.986192992
-0.79188731957 -0.481314373181 1.20194655105 0.352250911719 0.935587893327 0.0243841968075 1405.15637207 128.319924917
-0.755924137768 -0.49184407429 1.25536093293 0.504228452491 0.862256839239 0.0476110374214 1373.70361328 128.653656841
-0.86232465364 -0.592719321811 1.21771155561 0.530707874352 0.844709868741 0.0693858036757 1507.11901855 128.954015573
-0.863459068056 -0.600228456574 1.2195776905 0.500447231797 0.862446424409 0.0757544270134 1505.85583496 129.287747498
-0.824679104356 -0.557401938567 1.23422680361 0.468843801665 0.881104679739 0.0619679996602 1452.28649902 129.621479422
-0.845616886935 -0.556203235374 1.22821005237 0.454988177475 0.88866875561 0.0570403467796 1462.94152832 129.921838153
-0.786463428092 -0.464736217018 1.23503617936 0.450802228855 0.891684450304 0.0409413183164 1368.26721191 130.255570078
-0.805436720473 -0.489785946798 1.23242235491 0.495827525044 0.867289288972 0.0443210406348 1396.78625488 130.589302002
-0.78289508582 -0.465327371555 1.2405388617 0.542744198632 0.839262148865 0.0326769082861 1362.2199707 130.889660734
-0.885478401221 -0.58814279917 1.21305357983 0.567423650941 0.823319882568 0.0132201104779 1480.32214355 131.223392659
-0.859139338538 -0.512887338274 1.22073101966 0.405425361557 0.910481610273 -0.0815690723247 1408.22595215 131.557124583
-0.971843939602 -0.583102103974 1.22725310507 0.564343660876 0.823174054456 -0.0624556522604 1532.38342285 131.857483314
-0.895282100727 -0.569666751132 1.27036048847 0.715212776181 0.698754387105 0.0145942211356 1442.67724609 132.19121524
-0.92743266189 -0.604485212982 1.20959149295 0.801258684167 0.598284810757 0.00630922060263 1441.6229248 132.524947164
-0.948992540297 -0.624755038323 1.21166056042 0.764471927342 0.635640669965 0.107441197834 1449.97692871 132.825305895
-0.95252345486 -0.632985632695 1.21446215401 0.750458727551 0.657835259477 -0.0637531931074 1435.19921875 133.15903782
-0.965596656249 -0.634966044966 1.21687576735 0.723048996489 0.690316188298 0.0257625474239 1427.76550293 133.492769744
-1.00747741525 -0.662591239271 1.21126474987 0.705376323685 0.708592212837 0.0184747907343 1454.62463379 133.793128476
-1.02169515156 -0.677073230417 1.21259853655 0.68385680204 0.727339069747 0.0575999298873 1460.46777344 134.126860401
-0.986249893442 -0.648834700994 1.22569135359 0.708423973801 0.705310591541 0.0259315021908 1413.05114746 134.460592325
-1.02239279643 -0.674944697886 1.21396042365 0.760839521599 0.648693401481 -0.0178911499761 1430.80236816 134.760951056
-1.05903030609 -0.705986205432 1.20535744839 0.761669813043 0.643172046798 -0.0786690162466 1442.31921387 135.094682982
-1.06597519488 -0.711268817967 1.20564469614 0.726832250817 0.683851071313 -0.0637384611921 1436.9029541 135.428414906
-1.08197352348 -0.721252907148 1.21013005318 0.68870488315 0.723841132947 -0.0417084904913 1450.42102051 135.728773637
-1.00998532517 -0.663778547429 1.22835550786 0.66787878388 0.743323853348 -0.0375177169749 1366.81433105 136.062505562
-1.06110480124 -0.695780992445 1.21417035612 0.696387079541 0.71509755442 -0.0606673150205 1413.21630859 136.396237486
-1.14772051352 -0.751129722012 1.210801801 0.691682617352 0.719403955172 -0.0635067408551 1486.37316895 136.696596218
-1.13788510182 -0.815398685729 1.20392875698 0.613448733589 0.788479908292 -0.0444981513939 1499.82727051 137.030328143
-1.02610609189 -0.72202597453 1.20992400839 0.676407654048 0.728905560497 -0.105685237483 1397.21972656 137.364060067
-0.99816478675 -0.783648065845 1.30713611697 0.671525090019 0.723643622081 -0.159354829537 1389.67224121 137.664418798
-1.04275591833 -0.818031878499 1.19561498958 0.561718504176 0.824923394671 -0.0630374094509 1451.42138672 137.998150723
-0.908688430889 -0.710229735991 1.21450641486 0.536807195532 0.840009864475 -0.0788762474357 1333.68444824 138.331882648
-1.23229331851 -1.36391859254 1.39744376476 0.602098606563 0.779541332775 -0.172605267794 1709.91381836 138.632241379
-0.90000522302 -0.840609649899 1.21585831233 0.63675140514 0.766706225769 -0.0819097760975 1383.85339355 138.965973304
-0.932582659506 -0.908442205742 1.20669259595 0.682886387203 0.728593940069 -0.0530759141945 1438.43493652 139.299705228
-0.763793577195 -0.611167320107 1.11257962569 0.266975139551 0.955705819674 -0.123897784901 1160.1809082 158.656156841
-0.811520811937 -0.814480322434 1.15294657366 0.283836015292 0.95722010453 -0.0562742206184 1323.18896484 158.956515573
-0.796910866524 -0.958399863053 1.18333701808 0.334676174199 0.936918417389 -0.100874860994 1399.83117676 159.290247498
-0.733674359525 -0.928729353602 1.19112650966 0.3187968508 0.943436396566 -0.0910842113383 1345.65429688 159.623979422
-0.70917423691 -0.85351730026 1.18163454848 0.245131170729 0.96480598737 -0.095184640946 1284.42993164 159.924338153
-0.791261348238 -0.915785783958 1.20031678475 0.168149544254 0.981648107931 -0.089959562932 1351.20129395 160.258070078
-0.827391439959 -0.991086870593 1.23143992592 0.118055269918 0.989377343273 -0.0848258560971 1414.81433105 160.591802002
-0.840204210517 -0.976810891811 1.23831125318 0.104662586819 0.991678835529 -0.0749588559345 1408.8717041 160.892160734
-0.868117023574 -0.891093788978 1.23227900087 0.124321408543 0.989356927742 -0.0756112220932 1350.78857422 161.225892659
-0.867942385172 -1.07503633869 1.25435418468 0.118245290141 0.988903821502 -0.0899293232318 1489.01062012 161.559624583
-0.888776925298 -1.07575768686 1.28158491924 0.127048596968 0.982494426763 -0.13624740507 1497.80822754 161.859983314
-0.915119146626 -1.28051285204 1.29327114712 0.128269591685 0.978569681552 -0.161084729867 1651.33337402 162.19371524
-0.961033126361 -1.24527131627 1.2391395014 0.145607478285 0.981138549978 -0.127144044352 1636.14855957 162.527447164
-0.924871231715 -1.43640872622 1.34047643408 0.111938229435 0.980486684471 -0.16160350976 1775.1583252 162.827805895
-0.644367627684 -1.03997563335 1.21134568902 -0.955095399387 0.053813219008 0.291370752702 309.752410889 177.044785873
-0.563057682094 -1.09981395844 1.22508336271 -0.996808339111 -0.0648592963133 -0.0465446748801 1448.5234375 183.819543938
-0.552723200836 -1.09218591578 1.2263492965 -0.999348106059 -0.0252981932842 0.0257558602108 1455.39111328 184.119902669
-0.502903950335 -1.09243802555 1.22291390548 -0.998091313453 0.0596797101114 0.015876467189 1477.43774414 184.453634594
-0.484980256049 -1.124039161 1.23389953331 -0.981691457708 0.189130572054 -0.0226165553678 1469.28369141 184.787366519
-0.596847554318 -1.10178723759 1.23849175243 -0.970271015153 0.232109791486 -0.0685507246385 1431.92492676 185.08772525
-0.544928272476 -1.11021422924 1.21250191618 -0.956038176234 0.28108204441 -0.0835696708919 1451.85327148 185.421457175
-0.581417104506 -1.0965315034 1.2197184539 -0.930876259271 0.359500180528 -0.065030839798 1448.15100098 185.755189099
-0.655014642858 -1.07800740438 1.23096172299 -0.923195741855 0.379025231618 -0.0636356505045 1420.46032715 186.055547831
-0.674282553015 -1.0794166781 1.23185797511 -0.939255882525 0.335123045181 -0.0741008213845 1424.32019043 186.389279756
-0.645851816397 -1.09850195873 1.22345664934 -0.956519654466 0.282984058622 -0.0706411578667 1441.12341309 186.72301168
-0.596483589791 -1.10635432944 1.22640493346 -0.970359064354 0.230592280003 -0.0723221033211 1447.99731445 187.023370411
-0.548102159017 -1.10840002841 1.2312175051 -0.970990220075 0.226114551887 -0.0777830440646 1459.71801758 187.357102336
-0.508414465229 -1.13145612921 1.22376241197 -0.967630936293 0.238404311157 -0.0827874117862 1462.87145996 187.690834261
-0.590404585828 -1.10929755656 1.22242615008 -0.965770415587 0.241582415452 -0.0944745517148 1441.43554688 187.991192992
-0.602030581155 -1.10817769144 1.22415970436 -0.964491209716 0.243847858181 -0.101463926795 1436.66674805 188.324924917
-0.629027428514 -1.0965954878 1.22731584471 -0.964406784994 0.24421895083 -0.101373848273 1426.78271484 188.658656841
-0.529854054827 -1.12606956461 1.2299499283 -0.964276332276 0.248987553578 -0.0904231893775 1454.26135254 188.959015573
-0.546381409534 -1.11362179936 1.22442772171 -0.962090746396 0.26020820687 -0.0816889513716 1457.0916748 189.292747498
-0.551763271631 -1.10990028773 1.22243331257 -0.957681180475 0.278840567608 -0.0713771281209 1455.90478516 189.626479422
-0.555853171757 -1.10692420888 1.22104486694 -0.953018401677 0.296404597432 -0.0624519069914 1457.8026123 189.926838153
-0.606227074435 -1.09724700213 1.22605395446 -0.947699742226 0.311855930119 -0.0679049146448 1442.46069336 190.260570078
-0.569909576688 -1.10662464611 1.22315330397 -0.943015465822 0.323637552234 -0.0773341192621 1452.27246094 190.594302002
-0.597717096214 -1.09616621761 1.22197723855 -0.93815805379 0.335549329652 -0.0852415009153 1443.57739258 190.894660734
-0.621040338258 -1.0952291805 1.21616010747 -0.937297891424 0.334957548711 -0.0963125292642 1437.32519531 191.228392659
-0.642896945096 -1.09136862336 1.22647830402 -0.952042154731 0.286503119766 -0.107385743834 1433.04211426 191.562124583
-0.533745197878 -1.11879337843 1.21528884392 -0.958825102495 0.262118320356 -0.109308778046 1460.73339844 191.862483314
-0.555807278516 -1.10906744811 1.2215371688 -0.956801657745 0.26230262873 -0.125410999118 1456.61987305 192.19621524
-0.55244628049 -1.11756467153 1.22518112247 -0.955816009932 0.260439729547 -0.136333790496 1452.51953125 192.529947164
-0.564007183429 -1.11323052734 1.21875625892 -0.95440660922 0.258446140962 -0.149377429684 1451.6875 192.830305895
-0.549653536221 -1.10990926748 1.21976599357 -0.954067681253 0.262775389014 -0.143888687944 1453.2635498 193.16403782
-0.534408708528 -1.10980222186 1.2241480494 -0.953495641157 0.274034313509 -0.125504013144 1459.13110352 193.497769744
-0.577362944208 -1.10882959509 1.22598574676 -0.950749462724 0.287221648592 -0.116529754616 1446.65869141 193.798128476
-0.561652057899 -1.11094660237 1.22320477654 -0.949393608129 0.293257001583 -0.112481589009 1453.00952148 194.131860401
-0.549765926554 -1.10788758219 1.21595556106 -0.947731337269 0.298353186078 -0.113095927053 1465.84887695 194.465592325
-0.619761419183 -1.09305083483 1.21659742025 -0.945401593635 0.303371190292 -0.119087143119 1438.39672852 194.765951056
-0.595567799773 -1.09845169072 1.22360401727 -0.942465014831 0.308756871437 -0.128175232235 1449.91723633 195.099682982
-0.620738196611 -1.09161980827 1.22428735189 -0.937630328837 0.321476169457 -0.132296783467 1435.32373047 195.433414906
-0.624956792134 -1.09008819881 1.22376147765 -0.935614678124 0.328036859872 -0.130449195633 1436.36096191 195.733773637
-0.652088962611 -1.08829934216 1.22642796643 -0.940243182249 0.311696470062 -0.13706957645 1426.05981445 196.067505562
-0.699655450948 -0.971049662755 1.1622823574 -0.209288196006 0.974029210744 -0.0864034005628 1337.90478516 199.938795885
-0.545983722956 -1.07091659591 1.21714254841 -0.028095684814 0.996528724084 0.0783653914035 1443.390625 200.272527809
-0.547966438571 -1.09712381122 1.21499984238 0.0629494584366 0.988909620401 0.134518133948 1469.29748535 200.57288654
-0.540330858072 -1.08327977121 1.21711963507 0.13366039815 0.981526785269 0.136894367176 1453.81005859 200.906618465
-0.541006706494 -1.08736085942 1.21322906386 0.121195926109 0.987277212656 0.102933244703 1459.72119141 201.24035039
-0.544488537843 -1.0880510575 1.21196106767 0.137956723958 0.988018543459 0.0691903179348 1470.1340332 201.540709121
-0.55402492306 -1.10603726548 1.20561293934 0.238494339313 0.968782233035 0.0676862990005 1487.26196289 201.874441046
-0.561928145461 -1.13822106496 1.19503276652 0.260155104941 0.964321154536 0.0490309319497 1516.59094238 202.20817297
-0.545548959601 -1.10175468099 1.20378263656 0.22757134501 0.973586602295 0.0184502238838 1494.02331543 202.508531702
-0.537509999577 -1.09514457752 1.2060419042 0.222070366682 0.975010832413 0.00621521676369 1488.86242676 202.842263627
-0.506641847392 -0.997120824035 1.22818095816 0.241320803672 0.970267736539 0.0185684987916 1424.8392334 203.175995551
-0.495045360675 -0.968903868333 1.23281296511 0.343710203387 0.938933520208 -0.0163444399934 1405.5 203.476354282
-0.50027125502 -0.976789194859 1.23206807938 0.402882763249 0.915037833592 -0.0197798425632 1412.88330078 203.810086207
-0.537019933584 -1.10260011326 1.20185867689 0.418465556669 0.908204434846 0.00716117360549 1499.12133789 204.143818131
-0.519027780869 -1.05330146971 1.21524531223 0.407784809513 0.91292532178 0.0167004784996 1464.0567627 204.444176863
-0.491482013035 -0.973462890578 1.23694485748 0.414910739329 0.909737741978 0.0150439093893 1407.89257813 204.777908788
-0.4907500882 -0.985811496598 1.2364246465 0.480258120585 0.875010117056 0.0609051119515 1421.58666992 205.111640712
-0.498192584314 -1.02765586748 1.22354648988 0.512193438989 0.854950249706 0.0819631111254 1448.26818848 205.411999443
-0.491505869453 -1.0221537634 1.2221793673 0.525291448 0.847505501774 0.0761795190397 1446.49401855 205.745731369
-0.484625302512 -1.02693668456 1.21954086174 0.539793819236 0.840044433284 0.0542953296565 1449.2800293 206.079463293
-0.474802024381 -1.03912143716 1.2158400379 0.505182454349 0.861891689258 0.0439704878993 1460.42114258 206.379822024
-0.44488945305 -0.968737421611 1.23248862954 0.491235817103 0.870917733354 0.0137722084076 1420.97241211 206.713553949
-0.422730483605 -0.967053522216 1.23303902157 0.506590791289 0.86154131101 -0.0333517556558 1407.44543457 207.047285873
-0.453181127155 -1.02807531506 1.21585153399 0.479315563656 0.877573515314 0.0110143386673 1460.96801758 207.347644605
-0.462739444423 -1.09389296352 1.19748366098 0.414185903292 0.909675166786 0.0306778168553 1511.92956543 207.68137653
-0.465409432379 -1.13615600798 1.18912513961 0.275965944498 0.96083551141 0.0252570285371 1550.56921387 208.015108454
-0.41629015837 -0.922556792121 1.22808231589 0.166631004484 0.985313387407 -0.0373046504069 1392.23803711 208.315467185
-0.45630057871 -1.04650306839 1.1834958868 0.132819601777 0.98702259136 -0.0902516344939 1485.27600098 208.649199111
-0.473535224092 -1.31926771671 1.12626475777 0.0658545244857 0.996069561767 -0.0592335186076 1672.78833008 208.982931035
-0.376864497133 -1.3009615278 1.1705711371 -0.104875656929 0.993172117157 -0.0510905302839 1674.27966309 209.283289766
-0.503492975636 -0.925580524776 1.23465927871 -0.327136032073 0.944335070481 -0.0348323295245 1387.28845215 209.617021691
-0.558644649998 -1.03975360639 1.26325504406 -0.493418657707 0.865508339339 -0.0862168357158 1429.65405273 209.950753615
-0.494028392927 -1.10538017929 1.2148275344 -0.607538006227 0.784250282205 -0.125893073084 1497.61914063 210.251112347
-0.478112654451 -1.12623625032 1.1910892027 -0.554973541866 0.826297701254 -0.0961065904735 1533.48742676 210.584844272
-0.566901406982 -1.01056978767 1.14590990958 -0.305142892616 0.949566856568 -0.0721844858274 1434.42358398 210.918576196
-0.589718186629 -0.858350007088 1.21775408453 -0.198199777039 0.979240816055 -0.0424767295441 1337.08850098 211.218934927
-0.532701466646 -1.10050431783 1.20908781921 -0.175916297833 0.983765498228 -0.0354809900135 1528.04345703 211.552666852
-0.521711485248 -0.920692015856 1.22453362529 -0.0246673997666 0.993891322259 -0.107571180748 1390.64245605 211.886398777
-0.493552674734 -1.14480034577 1.18713058758 -0.417906842957 0.908213396539 -0.0224119824424 1541.9375 214.789866519
-0.5812632696 -0.97981010145 1.22913077845 -0.420630986333 0.906794065091 0.0281797241431 1408.6842041 215.09022525
-0.722229779587 -1.0368364732 1.24308313445 -0.670841146456 0.741200125149 0.0243830002542 1358.22900391 215.423957175
-0.614200636079 -1.02920220394 1.28378310349 -0.909354978779 0.410767503214 0.0659058485567 1458.02038574 215.757689099
-0.558420514707 -1.09719457765 1.23578410997 -0.920266610206 0.390220915204 -0.0289310123777 1174.32397461 216.058047831
-0.642969599989 -1.04854182093 1.23895784452 -0.914651741575 0.394171391046 -0.0896722148486 1072.60131836 216.391779756
-0.458242116 -1.08557921653 1.2199426341 -0.958706524267 0.280508894642 0.0468674765179 1111.62670898 216.72551168
-0.428361956175 -1.06734322318 1.19720599594 -0.950770777597 0.296540540046 0.0899924251016 1135.56799316 217.025870411
-0.585199891942 -1.02812562351 1.22965553514 -0.874691154816 0.463027532518 0.143251135485 1102.34924316 217.359602336
-0.56287280687 -1.05634556684 1.22777352724 -0.879045685479 0.451703121373 0.152456462578 1103.07336426 217.693334261
-0.566577893768 -1.03830917356 1.21645969646 -0.886488967212 0.451397378928 0.101871081814 1106.98950195 217.993692992
-0.597785421006 -1.01381182158 1.21852744588 -0.869518548241 0.484848895093 0.0941224903586 1097.77758789 218.327424917
-0.569566357786 -1.03178340572 1.20732181915 -0.863824057159 0.500516082899 0.0573728945782 1107.58911133 218.661156841
-0.629007525628 -0.983426271489 1.21968217368 -0.850423404271 0.523303710671 0.054159577785 1083.67504883 218.961515573
-0.576463286311 -1.01584770213 1.20739199868 -0.833649057021 0.54615586487 0.0821158997789 1103.69482422 219.295247498
-0.609324979687 -0.989966786778 1.21888562578 -0.822306691879 0.566013257801 0.0586574503734 1088.43408203 219.628979422
-0.614393185348 -0.980244287009 1.21906396318 -0.81102062641 0.583063915589 0.0477704288777 1084.33496094 219.929338153
-0.527252445043 -1.03295738221 1.1964715931 -0.782538360821 0.619618054652 0.0608866175178 1123.42565918 220.263070078
-0.463867604875 -1.09709700742 1.1638798768 -0.692844396626 0.716222290426 0.0836198108137 1162.77294922 220.596802002
-0.487925513789 -1.115638718 1.1842522737 -0.554099587656 0.829471769554 0.0703578742777 1172.36865234 220.897160734
-0.602075305225 -0.962044561804 1.21488220023 -0.431760532036 0.901279773211 0.0357437179932 1065.90930176 221.230892659
-0.595367198629 -0.92872051622 1.21772126726 -0.483383236386 0.873964690733 0.0502629698113 1065.26049805 221.564624583
-0.586299556433 -0.960708727006 1.21466393642 -0.411249856407 0.911478037419 0.00901903031344 1077.73974609 221.864983314
-0.620699727751 -0.971065988501 1.24410214158 -0.267435116657 0.962424431395 -0.0470921674163 1081.11413574 222.19871524
-0.576570000203 -0.855336478972 1.21649007254 -0.231464677247 0.972774503781 -0.0115701330858 1036.5168457 222.532447164
-0.584100966627 -0.929877564759 1.21662050641 -0.150594223834 0.987100818671 0.0543447654154 1082.02319336 222.832805895
-0.581083299782 -0.953134436924 1.21367994484 -0.0794905689656 0.996014207048 0.0404592239698 1089.16479492 223.16653782
-0.576678846858 -0.972588254043 1.21251737727 0.00985466484912 0.997000016439 0.0767714321962 1096.86499023 223.500269744
-0.544586846555 -0.863331291324 1.25588641609 0.0851837578607 0.9956142733 0.0386774637009 1019.43963623 223.800628476
-0.55896756067 -0.98910336614 1.20850746864 0.171286942596 0.985119462635 0.0141572466946 1098.8137207 224.134360401
-0.557307613593 -0.980519929735 1.2037097354 0.158598071443 0.976651681476 0.14490736629 1112.19311523 224.468092325
-0.546329367436 -0.939584253506 1.21151679963 -0.041659161698 0.999053288417 0.0125316060291 1087.10705566 224.768451056
-0.540139875256 -0.935718175113 1.22086392945 -0.221908383549 0.974545976894 -0.0318874306055 1091.7154541 225.102182982
-0.533736764579 -0.920157328246 1.21715354861 -0.332033542945 0.942330141244 -0.0420432071005 1090.27026367 225.435914906
-0.56014458051 -0.841083338757 1.21776076075 -0.422049350302 0.906022587027 -0.0315819205745 1048.38256836 225.736273637
-0.553736883073 -0.928709046808 1.22862605214 -0.581788560876 0.804580634694 -0.119046514895 1099.7956543 226.070005562
-0.625891647166 -0.862909173211 1.25823881611 -0.694841540125 0.711439937462 -0.105111604982 1054.74182129 226.403737486
-0.565249884708 -0.936065268451 1.23650483753 -0.824784713095 0.553653140527 -0.114884189639 1108.77844238 226.704096218
-0.636148474525 -0.878394302387 1.21357937235 -0.910451546104 0.40573756082 -0.0803431013631 1091.125 227.037828143
-0.596355995075 -0.881333988393 1.1819106471 -0.776665831295 0.619681048272 -0.113073360753 1107.89733887 227.371560067
-0.625775024812 -0.837763776226 1.19750179168 -0.755963801819 0.65398358628 -0.0287088700011 1105.46179199 227.671918798
-0.638347315713 -0.844680918969 1.20062923728 -0.682689891428 0.727070828426 -0.0728184220844 1126.62060547 228.005650723
-0.694657178032 -0.797603484704 1.17668684515 -0.668867744592 0.742885060899 -0.0271611218004 1100.00219727 228.339382648
-0.672409010354 -0.855909870306 1.18266301855 -0.624738028332 0.780830568716 -0.00245334750012 1147.75598145 228.639741379
-0.697653790274 -0.867890673107 1.14190299791 -0.450826256953 0.892055104525 0.0315178763768 1171.99194336 228.973473304
-0.840480180014 -0.549143175441 1.22777136822 -0.299743427312 0.953873523735 -0.0167086355187 966.059692383 229.307205228
-0.807179047118 -0.727932577048 1.21485786086 -0.442974907915 0.895878086377 0.0342882677599 1091.0904541 229.60756396
-0.82911452548 -0.740157879947 1.20524308673 -0.468748596658 0.880221896114 0.0740551600652 1109.84326172 229.941295885
-0.89384734177 -0.648822814761 1.19499958563 -0.395621075794 0.915000035615 0.0791132050476 1053.59680176 230.275027809
-0.910763075787 -0.733047527205 1.22064240223 -0.362999639245 0.928474695228 0.0785238959139 1093.31713867 230.57538654
-0.78894708883 -1.11664960254 1.06404607801 -0.168730084747 0.970455919197 0.172468743246 1401.57873535 230.909118465
-0.827191676557 -0.47694547898 1.28427966802 0.164267352843 0.976489991477 0.139583427866 935.363769531 231.24285039
-0.919372586965 -0.71696799253 1.20302710686 0.407684033914 0.90098790905 0.148372895897 1107.17089844 231.543209121
-0.95058242672 -0.758122955129 1.1939942866 0.317417202916 0.942936467839 0.100583979397 1128.51525879 231.876941046
-0.908858088481 -0.730098124386 1.20919354153 0.273212536386 0.952726919545 0.132914734837 1098.24438477 232.21067297
-0.899924614456 -0.737465697792 1.21055456876 0.274048056621 0.956347622078 0.101473584773 1096.3314209 232.511031702
-0.907806678415 -0.753772639092 1.20550255429 0.293336951277 0.952778745952 0.0785244820307 1112.20800781 232.844763627
-0.894595061206 -0.739063281555 1.20940902237 0.310163138831 0.946145057786 0.092781231601 1106.22058105 233.178495551
-0.875042244076 -0.720082211463 1.2134163515 0.330211095783 0.93852741128 0.100632651248 1099.43249512 233.478854282
-0.881254708765 -0.739067710655 1.20296007308 0.324510882959 0.942570852211 0.0790751250567 1118.45202637 233.812586207
-0.853544964507 -0.716761603789 1.20793923741 0.271848866088 0.95989303603 0.0685824568566 1101.65771484 234.146318131
-0.836368831108 -0.697392735412 1.20899201691 0.280780569342 0.958515362978 0.049097564249 1097.54626465 234.446676863
-0.823001219555 -0.690174160499 1.2093069849 0.336480035877 0.941336744071 0.0258131694741 1091.9440918 234.780408788
-0.807043998707 -0.678050836438 1.21090927588 0.342944302643 0.939142827813 0.0199988562833 1093.28796387 235.114140712
-0.786060539698 -0.677847642415 1.2114997126 0.372281095163 0.927694963232 0.0280863201152 1090.68054199 235.414499443
-0.765645159059 -0.681809117159 1.21307433604 0.38805579445 0.920043458197 0.054154735918 1093.89782715 235.748231369
-0.701153993177 -0.620974243903 1.23512899366 0.455505929745 0.886354286362 0.0830085960254 1049.60534668 236.081963293
-0.699247404751 -0.634047054819 1.22774151512 0.537798884084 0.838337448747 0.0892338630031 1065.9486084 236.382322024
-0.710881972657 -0.670062058772 1.2154437469 0.587048407903 0.80461481125 0.0892702206619 1091.01940918 236.716053949
-0.721236829649 -0.714040570616 1.19982292499 0.552141772296 0.826958038634 0.10620671177 1124.36132813 237.049785873
-0.706461247974 -0.719635194533 1.19935825694 0.455204718333 0.883132084617 0.113430090927 1130.96630859 237.350144605
-0.686514236143 -0.71491491051 1.19938802332 0.457966787742 0.883350421743 0.0997920524525 1123.03063965 237.68387653
-0.668020120775 -0.714121662199 1.20029990892 0.429054371651 0.899740893923 0.0798665760502 1132.62609863 238.017608454
-0.64869511408 -0.705233593526 1.20425699106 0.367194746722 0.927217185887 0.0737313242427 1123.21081543 238.317967185
-0.638931474632 -0.709582219661 1.19906389952 0.274818025088 0.95842333481 0.0768099236993 1128.12011719 238.651699111
-0.819141675101 -1.34596673784 1.01162607892 0.167530208149 0.98027206669 0.104882337046 1597.65783691 238.985431035
-0.558882571028 -0.685293485605 1.30556550557 -0.393632044823 0.918731031028 0.0314182417473 1118.52246094 239.285789766
-0.635964371732 -0.639792217255 1.27732628146 -0.844442145144 0.531915717412 0.0631120675945 1080.20263672 239.619521691
-0.625182836852 -0.672049489808 1.2453098792 -0.966731644593 0.251676893055 0.0457019566979 1080.42504883 239.953253615
-0.63866286154 -0.675486462835 1.2249978872 -0.992461260433 0.119566896505 0.026914750651 1088.62695313 240.253612347
-0.797143826962 -0.676158980316 1.24149736021 -0.999356564054 0.0303454919209 0.0191209048849 1062.97045898 240.587344272
-0.821572885594 -0.686213651373 1.23965002657 -0.993024479959 -0.113435123219 0.0321691626287 1060.95727539 240.921076196
-0.687512438712 -0.700506045551 1.2194357728 -0.98276103679 -0.17142836468 0.069231931595 1094.67138672 241.221434927
-0.710011157136 -0.682214822411 1.2145886714 -0.99853052124 -0.0354058155264 0.0410271419538 1087.0213623 241.555166852
-0.671465506344 -0.713993857127 1.22904861944 -0.990228445036 0.13761478253 0.0225787127765 1088.10449219 241.888898777
-0.507827485912 -0.732156175838 1.21179357901 -0.990536071483 0.135797543815 0.019932841867 1121.31311035 242.189257508
-0.687875113281 -0.732762148688 1.23731781219 -0.968246176686 0.249954088654 -0.0047217472334 1074.10754395 242.522989433
-0.581697972371 -0.751865134763 1.2374644057 -0.973414709787 0.213112103761 -0.0839466139878 1094.15539551 242.856721357
-0.643676170758 -0.753416353619 1.22227819876 -0.97241656695 0.218943763234 -0.0804341274869 1076.39892578 243.157080089
-0.705295224067 -0.769306366908 1.23189863134 -0.970123556591 0.216739566526 -0.109014885453 1069.33227539 243.490812014
-0.718099200064 -0.786827824174 1.21823727973 -0.983907469281 0.178539351628 -0.0070563312024 1077.6784668 243.824543938
-0.561805405284 -0.827004806652 1.21169256499 -0.981258012817 0.192385746957 0.0109743633897 1103.68530273 244.124902669
-0.713684563952 -0.818352993449 1.14003931561 -0.838497403516 0.541868618511 0.0574500180264 1092.22998047 244.458634594
-0.740621283978 -0.717450760768 1.16665959706 -0.379419535319 0.923966321976 0.048239528103 1033.87780762 244.792366519
-0.655458352669 -0.786913360017 1.18414203792 -0.0503006018562 0.993967079678 0.0974643215241 1080.97033691 245.09272525
-0.659744339651 -0.840913813005 1.20934491903 0.183556324016 0.978749936217 0.0914091804468 1108.68164063 245.426457175
-0.636132374828 -0.839943603031 1.211860752 0.181683756303 0.978515045066 0.0974644513418 1111.30578613 245.760189099
-0.625166249401 -0.84750902412 1.20776909206 0.203690863874 0.975732100581 0.0803548372562 1120.43395996 246.060547831
-0.606253450031 -0.835914163064 1.21109495828 0.251818704527 0.9673904482 0.0272591412556 1110.19592285 246.394279756
-0.585553090306 -0.83043773524 1.21220761287 0.254107355026 0.967008282305 0.018012053592 1103.0423584 246.72801168
-0.560193646248 -0.833087981762 1.21244171402 0.254988549415 0.966649811302 0.0238533431221 1101.83605957 247.028370411
-0.533997456434 -0.836274041243 1.21368932009 0.276239945161 0.960391402614 0.0366039134954 1102.47814941 247.362102336
-0.509159308675 -0.835455947059 1.21461849349 0.267593721663 0.962441005045 0.0458357058949 1101.65625 247.695834261
-0.490062981359 -0.828014315555 1.21871972449 0.231178708846 0.970777121526 0.0644064041726 1101.52941895 247.996192992
-0.469399741984 -0.827890098016 1.21744446059 0.166358286357 0.982749415805 0.0807991726185 1098.87524414 248.329924917
-0.450817114354 -0.829867863686 1.21965778182 0.0329875175276 0.995227263602 0.0918396290859 1102.27062988 248.663656841
-0.437277782956 -0.831214935044 1.21894053249 0.0286548927484 0.996383612522 0.0799912108809 1108.73474121 248.964015573
-0.420930457178 -0.821895585748 1.21818050511 0.0991504041272 0.992957165982 0.0648480060261 1103.67346191 249.297747498
-0.407927696532 -0.816161530332 1.21930706404 0.0785512113421 0.995636315946 0.0503789000153 1104.10546875 249.631479422
-0.389397903371 -0.808608285358 1.21969837493 0.0372824318062 0.99721650792 0.0645697809412 1093.13305664 249.931838153
-0.367120816897 -0.814191034722 1.21713971453 0.0403465261888 0.993673943538 0.104805781134 1104.84863281 250.265570078
-0.339944692807 -0.833045702507 1.20575771973 0.13414232674 0.981968274054 0.133207150439 1112.20849609 250.599302002
-0.445120378357 -0.906368013545 1.26922070118 0.232411790996 0.97093959018 0.0571057932936 1184.68737793 250.899660734
-0.287458403597 -0.77651804994 1.20171190377 0.405197965361 0.907753450765 -0.108619894552 1074.7755127 251.233392659
-0.26710761244 -0.815660301368 1.20701433564 0.425884859496 0.904750444093 -0.00697999750788 1099.90344238 251.567124583
-0.234980989928 -0.742180156932 1.22881739993 0.44729427324 0.893349998574 0.0430536081466 1068.08007813 251.867483314
-0.234235577902 -0.765559735815 1.26526583039 0.576638500767 0.814095634907 -0.0688210480875 1078.35180664 252.20121524
-0.21248618176 -0.797664876516 1.22056601676 0.652866152383 0.751456897888 0.0952802061732 1094.53491211 252.534947164
-0.186096558372 -0.781094711643 1.21702820998 0.51381294129 0.857837406985 0.0105472527596 1082.50598145 252.835305895
-0.16509560002 -0.78326116874 1.21789795325 0.551174207006 0.832686013503 0.0533009985645 1105.15112305 253.16903782
-0.142898214929 -0.776122348211 1.22007155691 0.696023033207 0.713863632958 -0.0771404613979 1089.05407715 253.502769744
-0.114194068024 -0.747453116796 1.2257306627 0.547966088367 0.836183531797 0.0230275302822 1088.02319336 253.803128476
-0.0969023760548 -0.740226813005 1.22152368124 0.306028234864 0.951317969444 0.0366174887148 1098.09094238 254.136860401
-0.0613069098682 -0.696909692689 1.23127811206 0.238429732259 0.970503930399 0.0356845044024 1070.31567383 254.470592325
-0.035581905229 -0.674846657326 1.23133285922 0.351714968111 0.934853906178 0.04842267352 1060.92028809 254.770951056
-0.0189406210137 -0.700630394177 1.23571588023 0.482655814006 0.870110573969 0.0997544699424 1076.85742188 255.104682982
-0.00931317871449 -0.728462233153 1.23325656803 0.477251616258 0.873384286742 0.0971122157666 1090.36499023 255.438414906
0.00631621599568 -0.714482242337 1.23919834758 0.362489621827 0.924530115692 0.11766621965 1085.17358398 255.738773637
0.0253863525518 -0.703134845504 1.23918661167 0.240625710907 0.958866164178 0.150582025639 1080.16137695 256.072505562
0.0354569425681 -0.694290219843 1.24331105488 0.132637628305 0.965999922289 0.221926586273 1077.05493164 256.406237486
0.0679427681401 -0.774345434069 1.21636970017 0.0411640072763 0.966699303825 0.252582621115 1130.00537109 256.706596218
0.0683077933093 -0.696348753914 1.24249749368 -0.081441613203 0.963948975761 0.253317263067 1081.9720459 257.040328143
0.0821088993059 -0.678984186056 1.24165180934 0.0361200221968 0.975558628688 0.216750330999 1076.93347168 257.374060067
0.103425413188 -0.682620986709 1.2407623492 0.157558337977 0.96527730094 0.208362910383 1077.71826172 257.674418798
0.129326398467 -0.759754704191 1.21786597848 0.0935646707435 0.987884156809 0.123816578513 1116.74255371 258.008150723
0.117221492142 -0.739624119748 1.22761514062 -0.254063644869 0.967177729153 -0.00434794040277 1106.21508789 258.341882648
0.108887216378 -0.766775508828 1.22552234832 -0.449906208317 0.891953501798 -0.0447588465874 1091.27978516 258.642241379
0.100853999919 -0.794182661073 1.21968800875 -0.527941765734 0.849032951087 -0.0205070710281 1100.77355957 258.975973304
0.121164207099 -0.856491442187 1.20666762732 -0.542923150903 0.839651541977 -0.0148236388581 1123.32336426 259.309705228
0.107645723563 -0.836041320526 1.21676742083 -0.483762886875 0.873434531985 0.0555480658378 1116.65161133 259.61006396
0.0996591322396 -0.812516677183 1.22730268466 -0.350147343926 0.935717142526 0.0427816166572 1096.35327148 259.943795885
0.0891721419717 -0.812164278152 1.23100552679 -0.314013640114 0.942128480618 0.117428104943 1104.20703125 260.277527809
0.0816769563732 -0.8169900708 1.22967782261 -0.268526681849 0.947051711834 0.176029759552 1121.27404785 260.57788654
0.0741329465256 -0.800045159763 1.23157771514 -0.235304442907 0.959941688826 0.152130776642 1098.69592285 260.911618465
0.0585063471758 -0.766515425049 1.24194453961 -0.37798543725 0.918924546795 0.112715067872 1065.5682373 261.24535039
0.0660013835468 -0.809545629734 1.23270638967 -0.603131918121 0.792085462591 0.093981430594 1086.69494629 261.545709121
0.0587794561999 -0.815067121444 1.23769004916 -0.769588494986 0.638155183447 0.0221700299068 1077.19628906 261.879441046
0.0834250042545 -0.866688213571 1.24299742326 -0.878605494103 0.477545035781 0.00176763539305 1105.45825195 262.21317297
0.0974847232256 -0.879002783317 1.23572077144 -0.935259042599 0.351006913193 0.045658187951 1116.64746094 262.513531702
-0.0127466919708 -0.879981344275 1.25240841777 -0.964385068504 0.26218646169 0.0349241886498 1088.13122559 262.847263627
0.0339245350121 -0.908566641151 1.23127351148 -0.991489639455 0.127159936531 -0.027904218211 1112.21411133 263.180995551
0.0424058229772 -0.893329768086 1.22950652087 -0.996243051211 -0.0137388704829 -0.0855045399535 1110.69213867 263.481354282
0.00188700491103 -0.897298066999 1.23157696533 -0.997844169877 0.04436979686 -0.0483563208944 1110.2755127 263.815086207
-0.0324383405316 -0.906537376438 1.23299503592 -0.999246319034 0.0386432904861 -0.00367287310955 1110.61413574 264.148818131
-0.0469281276612 -0.90155690204 1.23687127727 -0.995995701507 0.0741040632528 0.0500115025629 1117.10302734 264.449176863
-0.0989964733882 -0.904116131754 1.23430289628 -0.977456720231 0.198562958077 0.0717712460158 1103.86401367 264.782908788
-0.122710419819 -0.911874069976 1.23335263181 -0.928904365389 0.355231446287 0.104629343543 1107.63269043 265.116640712
-0.144733440852 -0.918563753195 1.23225165462 -0.928979827398 0.351852527665 0.1148750585 1106.27758789 265.416999443
-0.116864153745 -0.906459197693 1.23437695736 -0.935951927107 0.348641525016 0.049427494184 1118.59594727 265.750731369
-0.140860325367 -0.921304449967 1.21076935286 -0.888425417045 0.456550968125 0.0475551453863 1121.57336426 266.084463293
-0.148958969367 -0.93594918962 1.20449583791 -0.837165314618 0.544688068735 0.0496904797455 1129.26635742 266.384822024
-0.260737708598 -0.886522807852 1.22274312197 -0.80421305477 0.587152569288 0.0921586833414 1084.8269043 266.718553949
-0.211895316619 -0.905998510689 1.2145516298 -0.778525330468 0.618086447245 0.108937842604 1113.90856934 267.052285873
-0.253732250186 -0.858881357415 1.21262564781 -0.748089907829 0.653948320192 0.112752314044 1097.08850098 267.352644605
-0.189987305234 -0.910266371174 1.19483074354 -0.697489751755 0.701325690402 0.147140484501 1135.57763672 267.68637653
-0.247994876022 -0.87751245424 1.20488835096 -0.593331044427 0.792416276579 0.141544043786 1107.8145752 268.020108454
-0.321926137788 -0.766946635432 1.23467329417 -0.530128912347 0.83674223415 0.137207032924 1043.12316895 268.320467185
-0.333675773721 -0.749350503837 1.2499466836 -0.518667910878 0.844569635777 0.132987700746 1030.65771484 268.654199111
-0.321010972634 -0.776312358791 1.24265583579 -0.53477279501 0.834661884763 0.131748228982 1046.02880859 268.987931035
-0.290379304238 -0.830463321444 1.2245027645 -0.533808292511 0.834654482422 0.13564881798 1078.65063477 269.288289766
-0.30731565578 -0.798038720324 1.23288159197 -0.518104924116 0.844898042156 0.133096153093 1060.21557617 269.622021691
-0.31349134593 -0.794735114379 1.2329569213 -0.522618642196 0.842283359773 0.132017031778 1056.10693359 269.955753615
-0.292057546674 -0.827357627011 1.22649862054 -0.531467851278 0.836064709078 0.136153315394 1076.7902832 270.256112347
-0.28742932593 -0.839513507593 1.22126391376 -0.533645044338 0.834294249026 0.138477697467 1084.2467041 270.589844272
-0.300519501135 -0.824517783223 1.23080376087 -0.53362367468 0.835319808599 0.132236875282 1073.60876465 270.923576196
-0.299217109814 -0.830068371498 1.2270686703 -0.538467116961 0.832669760771 0.129283538972 1077.32617188 271.223934927
-0.30719202819 -0.820657590411 1.23004807754 -0.549385523882 0.825989799068 0.126160207608 1070.60131836 271.557666852
-0.304348213437 -0.837640952301 1.22717669802 -0.562083448941 0.817380158841 0.12630072193 1076.40637207 271.891398777
-0.302385934493 -0.83740759182 1.22929948568 -0.577580959336 0.806655532627 0.12532791826 1077.84082031 272.191757508
-0.290179731807 -0.857336627529 1.22659926072 -0.587885641164 0.799369732436 0.12409070787 1086.73144531 272.525489433
-0.314339142389 -0.824706159199 1.24282025969 -0.609742288802 0.783246110458 0.1214078733 1063.29785156 272.859221357
-0.314794657118 -0.836947422346 1.24958409255 -0.655740905995 0.749026598787 0.094673219623 1064.00476074 273.159580089
-0.334070448239 -0.880902729261 1.25230438111 -0.75412044004 0.656450677147 -0.019361569833 1071.90942383 273.493312014
-0.32528323471 -0.912709681225 1.22405238967 -0.855574190987 0.507558298341 -0.101869413978 1081.54870605 273.827043938
-0.355290691556 -0.923110400303 1.22378896538 -0.927881486909 0.367433214641 -0.0634726636512 1078.94067383 274.127402669
-0.364012399354 -0.932878009179 1.21835141082 -0.986901467436 0.147774590733 -0.0647160251208 1092.82702637 274.461134594
-0.380527141916 -0.932513406106 1.22006124559 -0.994144427368 -0.0433624421154 -0.0989775537576 1100.49121094 274.794866519
-0.410574593512 -0.930908667112 1.2201387822 -0.987500538615 -0.122059091048 -0.0997209332508 1090.96081543 275.09522525
-0.44703981768 -0.930938946144 1.21543040992 -0.992261621695 -0.0418194784692 -0.116910244776 1084.05285645 275.428957175
-0.486197667214 -0.934599199997 1.22025878817 -0.996361043908 0.071552827229 -0.0463126667237 1082.54724121 275.762689099
-0.492982583926 -0.937367093017 1.21714424325 -0.999142899679 -0.000288522256767 -0.0413930280911 1095.06616211 276.063047831
-0.52737319857 -0.941949755053 1.21601323736 -0.987796318474 -0.109787887599 -0.110476481424 1081.9095459 276.396779756
-0.567407152776 -0.943317774504 1.21484592404 -0.995360369734 0.0122130849832 -0.0954388543353 1077.72009277 276.73051168
-0.575667831277 -0.948250121139 1.21038493873 -0.999505278083 0.0283092530007 -0.0137034768996 1087.87121582 277.030870411
-0.57943815132 -0.970844133241 1.2086820838 -0.914993301271 -0.398434843824 -0.063536870061 1082.49255371 277.364602336
-0.475993410404 -1.0336759811 1.20393007189 0.916027336195 0.382978392395 -0.119253806244 1044.16882324 285.440914906
-0.47348729693 -1.03699801327 1.20476862357 0.843429305169 0.519503369756 -0.13690601154 1054.10766602 285.741273637
-0.464254389099 -1.03307119893 1.20333914904 0.788418807327 0.599185335823 -0.139185910157 1054.53430176 286.075005562
-0.46290148382 -1.02998027992 1.20356618495 0.749800455171 0.650915563763 -0.118777970504 1056.46765137 286.408737486
-0.447805015386 -1.01729531076 1.20341623869 0.742626672433 0.659167123604 -0.118339885714 1049.23461914 286.709096218
-0.470838241743 -1.02315247739 1.20632642996 0.738272691649 0.665058011386 -0.112477883411 1068.24755859 287.042828143
-0.438918488099 -0.998141857786 1.20573157297 0.628455651043 0.760242722314 -0.164543300808 1066.70300293 287.376560067
-0.480631051219 -1.01970199586 1.20308757614 0.504058803288 0.848441310763 -0.16146846447 1093.73205566 287.676918798
-0.391222691181 -0.911981345448 1.22178823259 0.487520160811 0.866242304429 -0.109308567009 1021.6852417 288.010650723
-0.418434194778 -0.992027396196 1.20862269622 0.570881810099 0.812165711225 -0.120336263895 1058.73266602 288.344382648
-0.447556171491 -1.01287095463 1.21008463154 0.485475918959 0.874244336037 0.00315800862033 1086.38684082 288.644741379
-0.451232940736 -1.01523452183 1.20781984043 0.366172409005 0.930513701147 0.00787520548947 1100.0859375 288.978473304
-0.478595213359 -1.13541952861 1.17865904388 0.180620931027 0.982715644223 -0.0405714416086 1160.72692871 289.312205228
-0.454960890461 -1.00937840038 1.17693117885 -0.00313323860027 0.995751279302 -0.0920302808016 1083.74243164 289.61256396
-0.421699584278 -1.20006692506 1.19195380557 -0.150646406785 0.982695213761 -0.107776514019 1184.7565918 289.946295885
-0.421293216025 -1.27403423649 1.20159435334 -0.24206726102 0.9674662599 -0.0735695392018 1221.76708984 290.280027809
-0.483925828791 -1.00584461644 1.24651338914 -0.173440133127 0.981865457788 -0.0765424263008 1074.63293457 290.58038654
-0.467798308635 -1.03461225152 1.19175208375 -0.0911311570873 0.993450049887 -0.0689355538666 1095.51037598 290.914118465
-0.446083140763 -1.16645526215 1.16842697599 -0.028901464287 0.998188282435 -0.0527717554286 1159.04223633 291.24785039
-0.46216926261 -1.07095773714 1.19556689962 0.0882115139359 0.996093960491 0.00394343527244 1110.84082031 291.548209121
-0.447479109748 -1.04561624937 1.20866283141 0.123156961862 0.991850118577 0.0326451378355 1107.38452148 291.881941046
-0.439227415546 -1.04088152553 1.20954783262 0.166768769032 0.984804257167 0.0484639323866 1100.73291016 292.21567297
-0.547349667288 -1.22395836658 1.1651739578 0.228676962561 0.971094066844 0.0684336184529 1208.94372559 292.516031702
-0.455140767739 -1.15788434882 1.19726135767 0.232414648958 0.971058207609 0.0550398799565 1154.51928711 292.849763627
-0.437128247617 -1.04358284801 1.20698683471 0.226871767274 0.973335967792 0.03385697885 1098.9083252 293.183495551
-0.438864475776 -1.02324001073 1.2160532499 0.304497292481 0.952240774928 0.0227794959789 1083.22521973 293.483854282
-0.443668981409 -1.02402072926 1.21477967596 0.361868857844 0.93195029743 0.0227941405164 1089.43652344 293.817586207
-0.447720362258 -1.00989049881 1.21539075631 0.47432455302 0.880344684557 0.00307486181842 1079.69885254 294.151318131
-0.455453454499 -1.02062552208 1.20960061433 0.549809209543 0.831895724058 -0.0752285676783 1084.92663574 294.451676863
-0.456381955894 -1.01643398779 1.20930419241 0.536147166135 0.831571649279 -0.145033817989 1057.68347168 294.785408788
-0.47204292702 -1.04482974373 1.20751672946 0.59757783222 0.790411500288 -0.134723400536 1071.12451172 295.119140712
-0.471117634776 -1.03200524139 1.21000785301 0.682295571685 0.709033028642 -0.178171033426 1047.25268555 295.419499443
-0.480091188283 -1.02841707126 1.20911542319 0.752334880943 0.648461376428 -0.116146761455 1060.27209473 295.753231369
-0.490429649682 -1.02890003635 1.20526460248 0.706336358481 0.691236521944 -0.152581189593 1067.65014648 296.086963293
-0.491280630033 -1.02771712281 1.20359104335 0.674686891397 0.714168288387 -0.186443703137 1061.52722168 296.387322024
-0.488105612581 -1.02944048567 1.20300609618 0.645082911503 0.731809193391 -0.219825707676 1060.67382813 296.721053949
-0.47148674274 -1.01989616049 1.20751380877 0.638627672272 0.746275984345 -0.187688175973 1053.4954834 297.054785873
-0.470247212824 -1.03893219424 1.209330016 0.624135278208 0.775846985879 -0.0922854755533 1069.08935547 297.355144605
-0.460451765824 -1.02961221008 1.2075917879 0.635876362153 0.759968527979 -0.13457001351 1064.99609375 297.68887653
-0.44872585255 -1.01488680464 1.21129901468 0.665973873957 0.735348439692 -0.125465020814 1050.07629395 298.022608454
-0.45202581623 -1.01193694023 1.21299052258 0.615985743792 0.786217982813 -0.0492224232025 1073.95507813 298.322967185
-0.454061961623 -1.01030441055 1.21132749161 0.481558888654 0.874622261941 -0.056008353616 1084.65014648 298.656699111
-0.471697054932 -1.10955178397 1.19160438471 0.376655749581 0.925551021442 -0.0385454668427 1128.80737305 298.990431035
-0.467038367835 -1.08776325525 1.19620847168 0.251877984268 0.967696320567 -0.0110141818484 1123.79138184 299.290789766
-0.45597813951 -1.01491106922 1.21175588574 0.131712597013 0.991251511962 -0.00849893056784 1085.20397949 299.624521691
-0.479075197404 -1.08429446062 1.19382767539 0.0495015819443 0.998483481041 -0.0240900700295 1130.87316895 299.958253615
-0.472410025118 -1.03645514358 1.20953008339 0.006872538713 0.999601068841 -0.0273947327794 1102.54492188 300.258612347
-0.448768739235 -0.950822798432 1.22937045901 -0.0949790779132 0.995266198583 -0.0205953566797 1050.13574219 300.592344272
-0.4604246819 -0.989398259807 1.2173286038 -0.242677931366 0.969722503173 -0.0273072969807 1076.18237305 300.926076196
-0.461621419236 -1.10627168123 1.27118370779 -0.301279463161 0.949504451642 -0.0875898475284 1131.71569824 301.226434927
-0.393743888197 -1.2271890979 1.20540965003 -0.371831322121 0.924268799902 -0.0864213713005 1190.97741699 301.560166852
-0.529365463962 -0.934263121234 1.22451167225 -0.453217667657 0.888836313748 -0.0675555555532 1032.93457031 301.893898777
-0.464743940688 -1.07853288792 1.25475492296 -0.688543067774 0.721066763008 -0.0772733272575 1116.03979492 302.194257508
-0.483408715524 -1.09037934962 1.23375702842 -0.812024940476 0.578945286862 -0.0737417850696 1106.83630371 302.527989433
-0.451194349118 -1.10653336859 1.21227539544 -0.834488056428 0.545366787696 -0.078770239046 1122.13903809 302.861721357
-0.442532354069 -1.11658367864 1.19633372903 -0.811052092373 0.580877482917 -0.0691075487768 1128.88562012 303.162080089
-0.505719673899 -1.0971316654 1.13254589616 -0.629010599509 0.775238362151 -0.057889097032 1125.40856934 303.495812014
-0.527395959711 -0.996925327274 1.1931126455 -0.225706354309 0.966795886628 -0.119843044121 1077.42089844 303.829543938
-0.533835504546 -1.04334418829 1.20202845621 0.00723626753006 0.989812641268 -0.142192023757 1093.64624023 304.129902669
-0.514497678852 -1.00316935947 1.20153021933 0.221718991916 0.964096875345 -0.146143434932 1068.7199707 304.463634594
-0.478830811605 -0.994649397724 1.20160571924 0.485541701492 0.862048280347 -0.145334161373 1055.72399902 304.797366519
-0.461285104266 -1.00966202015 1.20836376607 0.650218867909 0.757298527508 -0.0609455826921 1058.28686523 305.09772525
-0.513291811195 -1.04953259311 1.20504246746 0.801608717576 0.597847016161 -0.00155215150528 1106.13696289 305.431457175
-0.493532386301 -1.02850031629 1.21199910754 0.874413160401 0.484580949282 -0.0241439125229 1077.76049805 305.765189099
-0.402826774843 -0.945789066476 1.23048036052 0.866778136737 0.497510746645 -0.0343324721839 1032.24829102 306.065547831
-0.525470142606 -1.04370305691 1.21249996904 0.824023463553 0.564590356591 -0.0471493452613 1108.28857422 306.399279756
-0.40291731001 -0.988445063022 1.21533900838 0.747534785874 0.658831718568 -0.0844541918295 1053.01672363 306.73301168
-0.428678645982 -1.00331163265 1.21393880368 0.764537913916 0.641382334313 -0.0641130206434 1069.52453613 307.033370411
