-35.1216 -13.534871 1.7466978 -34.203914886297625 -13.187092401542172 1.9388019788707929 1680.37817383 0.0
-35.459553 -14.145864 1.5940993 -34.54026802247764 -13.789250934005448 1.760659084819335 1680.37817383 0.496
-35.52663 -14.922646 1.5376137 -34.60830940039257 -14.55567467970782 1.6860027336932033 1680.37817383 0.992
-36.739986 -14.423283 1.581545 -35.819457177441194 -14.056727892716202 1.716689992961975 1680.37817383 1.488
-35.025723 -14.936942 1.5904161 -34.095264975463145 -14.586371241848443 1.6969435466618799 1680.37817383 1.984
-34.02976 -15.017407 1.5449103 -33.08234731796809 -14.715589200394481 1.6512824978001073 1680.37817383 2.48
-34.117607 -15.787283 1.5326365 -33.184981072237704 -15.445629113119052 1.6487459556344044 1680.37817383 2.976
-31.276896 -15.167698 1.6276864 -30.363038494743865 -14.778458334716762 1.743258810652101 1680.37817383 3.472
-31.32126 -15.718963 1.6526468 -30.43520561573597 -15.264599386605356 1.7446317871337529 1680.37817383 3.968
-29.5522 -15.207844 1.6082715 -28.672838345111447 -14.7428586397616 1.7107977348875 1680.37817383 4.464
-30.358328 -15.533787 1.6200267 -29.500279571089795 -15.031923555783012 1.7290499258571348 1680.37817383 4.96
-29.817764 -15.265914 1.6685039 -28.93576471964786 -14.80356089903842 1.7596451743340529 1680.37817383 5.456
-28.69979 -16.051735 1.682331 -27.832454987379695 -15.563946325506725 1.781286423069567 1680.37817383 5.952
-28.312979 -15.885719 1.6356655 -27.440856794706168 -15.405443165407902 1.7291409249076437 1680.37817383 6.448
-27.930635 -15.99349 1.6739923 -27.06166309692453 -15.50822372400282 1.7709688748456471 1680.37817383 6.944
-26.553411 -16.669016 1.6622114 -25.695599621046522 -16.16725139278516 1.7735309429778123 1680.37817383 7.44
-26.557323 -16.350742 1.6514975 -25.721223855532966 -15.811953308004146 1.7546718867458102 1680.37817383 7.936
-26.662607 -16.55216 1.6228163 -25.83766617002968 -15.993011566250173 1.7054338485231608 1680.37817383 8.432
-25.374847 -17.642443 1.7585807 -24.554710192083053 -17.080505044491776 1.8662907247428033 1680.37817383 8.928
-23.937191 -17.540073 1.8230547 -23.1323023642592 -16.953172302567 1.91081483374828 1680.37817383 9.424
-24.329388 -17.170218 1.7085681 -23.4952429644764 -16.624409399233734 1.7879119540590773 1680.37817383 9.92
-22.648888 -17.29123 1.7755376 -21.81773934446492 -16.739686671956697 1.8461903785434872 1680.37817383 10.416
-21.233288 -17.790775 1.8475312 -20.414947222100782 -17.22328877884528 1.938513191053206 1680.37817383 10.912
-20.129614 -17.814417 1.8167732 -19.32439511466275 -17.225133204588403 1.8828569795792744 1680.37817383 11.408
-19.593935 -17.877089 1.790687 -18.77430287824523 -17.30994302822684 1.87160977230392 1680.37817383 11.904
-17.833406 -18.856369 1.7453433 -17.066178947376898 -18.2173387854528 1.8001439315763201 1680.37817383 12.4
-16.082546 -18.915895 1.7479934 -15.312273391940348 -18.280353887551616 1.8006023827256112 1680.37817383 12.896
-15.115196 -19.520012 1.7397529 -14.3812775883285 -18.8418762793635 1.778428296835 1680.37817383 13.392
-14.855702 -18.543182 1.9496553 -14.103009496282978 -17.893788606281635 2.0580168128 1680.37817383 13.888
-15.115159 -18.852365 1.8161684 -14.39249393574935 -18.168460045621647 1.9163133646666521 1680.37817383 14.384
-13.543441 -19.39185 1.8539176 -12.822048511299954 -18.706524214251395 1.9535232488776673 1680.37817383 14.88
-13.411056 -19.627737 1.8790288 -12.711498023028721 -18.916773349236912 1.95078580090782 1680.37817383 15.376
-13.103489 -19.173101 1.8314248 -12.410153689783208 -18.463589348450864 1.957437901852888 1680.37817383 15.872
-12.101342 -18.588036 1.8900247 -11.40069091097992 -17.882595970941257 1.9969936581507166 1680.37817383 16.368
-11.910618 -19.057657 1.8489686 -11.211671291335874 -18.35100312981536 1.959030743448637 1680.37817383 16.864
-10.432811 -18.922558 1.7547941 -9.7130382923237 -18.23485659996593 1.8496314761341617 1680.37817383 17.36
-8.850359 -18.862808 1.8282694 -8.109397630647791 -18.195557619292018 1.904119671904366 1680.37817383 17.856
-8.831852 -18.49239 1.7574245 -8.071052967066041 -17.848225431352407 1.836397879333583 1680.37817383 18.352
-9.620892 -18.986578 1.8296827 -8.83898105441597 -18.365991498171944 1.8887358561973526 1680.37817383 18.848
-8.448713 -19.107409 1.7862201 -7.7026499860888995 -18.4461286947319 1.864313130558875 1680.37817383 19.344
-7.21962 -20.031832 1.7609231 -6.476230318823697 -19.365953224393337 1.8239887416607794 1680.37817383 19.84
-6.2587085 -18.64265 1.7421157 -5.540961113018568 -17.951195089909845 1.8241453470482871 1680.37817383 20.336
-5.229649 -19.74984 1.6787845 -4.513019962461751 -19.05743018735313 1.7625186071942367 1680.37817383 20.832
-4.2730446 -19.704872 1.7672061 -3.607225677896856 -18.961429024899388 1.8302764120685702 1680.37817383 21.328
-3.5139744 -19.288078 1.530365 -2.820753298432087 -18.575850153468053 1.640710118433654 1680.37817383 21.824
-2.449314 -20.264109 1.6677157 -1.8048048958132072 -19.504908817554128 1.75839639005078 1680.37817383 22.32
-0.8918026 -20.01536 1.5236574 -0.266983943361222 -19.24161308976303 1.628143496001155 1680.37817383 22.816
-0.3669551 -19.821974 1.4904085 0.2442222849040847 -19.03816169571225 1.600410998522572 1680.37817383 23.312
-0.08684799 -21.391893 1.4943827 0.531603884028524 -20.615313200953484 1.6145540105443952 1680.37817383 23.808
-0.04792693 -22.170242 1.5096463 0.541926523274368 -21.37441577788047 1.646516768908298 1680.37817383 24.304
3.0901587 -22.88028 1.5783726 3.57829928814317 -22.011913354226543 1.6658833572229352 1680.37817383 24.8
7.635161 -23.225306 1.859615 7.936783251728374 -22.272386012981524 1.8907197825644873 1680.37817383 25.296
6.773024 -22.18627 1.7820795 7.094052059495157 -21.241356692482213 1.8459509947349209 1680.37817383 25.792
7.8410277 -21.539461 1.7750422 8.134723859370252 -20.590140936016848 1.8869977541236902 1680.37817383 26.288
6.144599 -21.132286 1.5891644 6.5418178914505924 -20.23038850168992 1.75886400967073 1680.37817383 26.784
7.6076336 -20.971579 1.6631705 7.891448248176031 -20.031456312925698 1.8518996086278783 1680.37817383 27.28
8.093873 -21.880306 1.7444459 8.37618422331721 -20.94359521908579 1.9515048572564484 1680.37817383 27.776
9.390731 -22.550112 1.6528308 9.647103561245908 -21.602645791186777 1.8440921141735478 1680.37817383 28.272
9.686838 -23.468811 1.7621975 9.959561308354514 -22.52904974716359 1.968281570978308 1680.37817383 28.768
10.185991 -23.004757 1.707183 10.438054530237007 -22.0575091615424 1.9051361811437566 1680.37817383 29.264
10.505274 -23.266079 1.7378614 10.773712494348608 -22.32430257646621 1.9403410179832061 1680.37817383 29.76
10.450626 -23.392239 1.755372 10.737404574756193 -22.457432213770385 1.9648820914669334 1680.37817383 30.256
12.646399 -24.908722 1.951478 12.883379824192765 -23.958978566028637 2.1559957258962856 1680.37817383 30.752
13.237126 -24.467207 1.9262928 13.403760298309646 -23.502040801161606 2.1280032174013814 1680.37817383 31.248
12.788396 -24.504929 1.9203665 12.925694412102306 -23.53339652265459 2.1134308789753753 1680.37817383 31.744
14.555895 -22.680752 1.951078 14.709325284011692 -21.703758918981933 2.09921169467509 1680.37817383 32.24
14.427617 -24.998173 1.9276004 14.523537354106251 -24.016957588033005 2.094979126696083 1680.37817383 32.736
15.019283 -25.384405 1.8910719 14.999196761164445 -24.399936313826036 2.0654791808413226 1680.37817383 33.232
13.267559 -25.565493 1.791941 13.248513425626404 -24.587476035886457 1.9995944842297346 1680.37817383 33.728
16.52378 -24.479153 1.8007473 16.396758387011417 -23.51197370547405 2.020815021445718 1680.37817383 34.224
16.15188 -25.505571 1.8813072 16.150414255523472 -24.537930001230823 2.1336338269072384 1680.37817383 34.72
17.14186 -25.863386 1.9400812 17.09555918712764 -24.885702225660683 2.1449973805107607 1680.37817383 35.216
20.37191 -25.726347 1.932947 20.270490014454012 -24.750608080634553 2.1269769865941273 1680.37817383 35.712
20.51361 -25.793846 1.791226 20.399859832806712 -24.82335596828301 2.003852119449823 1680.37817383 36.208
21.541306 -26.347101 1.9202086 21.399647456609067 -25.373985305732603 2.1018094566226297 1680.37817383 36.704
22.33059 -26.766232 1.7834243 22.210743497797278 -25.791479463611022 1.9718238751772037 1680.37817383 37.2
20.771488 -24.617231 1.666941 20.70553168203298 -23.64680959533243 1.8991734666675828 1680.37817383 37.696
22.457226 -25.252321 1.5654105 22.355313759464007 -24.286058799077907 1.8019507664333587 1680.37817383 38.192
23.956392 -26.153688 1.7321676 23.737103356493428 -25.200262496866287 1.9392719169954917 1680.37817383 38.688
23.206564 -26.034548 1.7847699 22.890000747507234 -25.11110716292838 2.0016674871203115 1680.37817383 39.184
25.657372 -26.000593 1.5732177 25.3856622920043 -25.078652870118848 1.8492611741729772 1680.37817383 39.68
25.354464 -26.192802 1.5979974 25.0940895661426 -25.259763269639432 1.8462794251359917 1680.37817383 40.176
26.09755 -26.742413 1.6144708 25.826581309941577 -25.819684039273827 1.8886008539793133 1680.37817383 40.672
26.93796 -26.388033 1.6033076 26.59864426466136 -25.4870198534077 1.8735673355870455 1680.37817383 41.168
27.392218 -26.7008 1.7762835 27.11405872497019 -25.776868092182 2.038918756012132 1680.37817383 41.664
29.623692 -26.583673 1.6720587 29.201356665650234 -25.720175627116063 1.9477489225333633 1680.37817383 42.16
29.631205 -25.430439 1.8414066 29.187638234829496 -24.573751671407994 2.104723000116639 1680.37817383 42.656
31.464397 -27.889675 1.7892638 30.95373590146326 -27.050189242383343 1.9749755611822528 1680.37817383 43.152
30.750364 -26.105906 1.764348 30.213321966447726 -25.28305159434658 1.9500808062988995 1680.37817383 43.648
32.201904 -28.358496 1.6562954 31.66965691251384 -27.522174350386138 1.7877461983915002 1680.37817383 44.144
33.317314 -27.9358 1.6857711 32.77439048186582 -27.11765456018363 1.8751701847497406 1680.37817383 44.64
33.024227 -27.63746 1.6526428 32.46117103897126 -26.828480262878422 1.8215205194816728 1680.37817383 45.136
35.14928 -28.960722 1.6168506 34.573074848677166 -28.156612795230302 1.7631247369765632 1680.37817383 45.632
34.18095 -27.528349 1.7399825 33.64018951085901 -26.69230970458846 1.832806823685183 1680.37817383 46.128
34.95187 -29.167105 1.7452383 34.42452685363605 -28.3190865590047 1.7979070414143001 1680.37817383 46.624
35.562386 -28.24694 1.7340237 35.020541767573754 -27.412054836127567 1.8308307767420802 1680.37817383 47.12
38.121323 -29.079956 1.5639056 37.5443796751164 -28.266455308618553 1.6370703157516018 1680.37817383 47.616
37.222076 -27.937166 1.7188514 36.67626520092869 -27.10192002153002 1.785595412782529 1680.37817383 48.112
37.63583 -29.625858 1.8299009 37.20191404576219 -28.728383019913476 1.908994580857669 1680.37817383 48.608
39.463924 -28.829796 1.8768877 39.00216179498506 -27.945073533413343 1.940465225520866 1680.37817383 49.104
38.79902 -28.827843 1.886222 38.33070579645734 -27.948645782040906 1.9739387751332602 1680.37817383 49.6
40.927807 -29.523521 1.8218094 40.52163154063373 -28.61088613355703 1.867842066699235 1680.37817383 50.096
42.185593 -30.476974 1.8172431 41.793173737665875 -29.558781665328723 1.8713726461508535 1680.37817383 50.592
42.924637 -29.161926 1.8999029 42.43080232750996 -28.29330964831332 1.940311425159579 1680.37817383 51.088
42.3787 -31.084171 1.9073701 41.8173856797273 -30.265930218279724 2.031500994847928 1680.37817383 51.584
46.25234 -32.471245 1.5839369 45.624231674513 -31.69491554209777 1.636780528981093 1680.37817383 52.08
45.370216 -31.86208 1.7606609 44.77726254608438 -31.061088053700047 1.8432322814656652 1680.37817383 52.576
45.388863 -32.12177 1.7993997 44.85682244412706 -31.276104501515317 1.8416237372678999 1680.37817383 53.072
46.95731 -32.565224 1.9003764 46.38314097423758 -31.750683373871087 1.98316347836362 1680.37817383 53.568
46.88584 -31.283764 1.8315418 46.328762972921304 -30.454354527371542 1.8733155513138402 1680.37817383 54.064
46.85448 -32.393017 1.9534918 46.40467604827805 -31.502080163012618 2.0160055627962907 1680.37817383 54.56
48.09565 -32.625042 1.9350666 47.62029910543852 -31.74774416728598 2.001320668255487 1680.37817383 55.056
49.158997 -32.726917 1.7360041 48.60927073714814 -31.89467903106345 1.8079843622976748 1680.37817383 55.552
51.074306 -33.171986 1.6751802 50.4750067578141 -32.37248466088676 1.7156543666520316 1680.37817383 56.048
52.024643 -34.803337 1.6847949 51.35243954340108 -34.07038003978498 1.7892778859750447 1680.37817383 56.544
52.52786 -34.91263 1.6707252 51.85843148230338 -34.173353123349 1.7437670119678141 1680.37817383 57.04
52.83353 -34.13193 1.901963 52.25707919959423 -33.31724104846235 1.965099586963535 1680.37817383 57.536
52.94867 -33.684566 1.8266584 52.375890703469835 -32.86686214725845 1.883965228317257 1680.37817383 58.032
53.517773 -34.10851 2.078706 53.00519860251795 -33.250644243479385 2.115228359733931 1680.37817383 58.528
55.41219 -34.839363 1.9231706 54.83468701959049 -34.02364092265859 1.956155351642927 1680.37817383 59.024
54.751915 -34.701187 2.0569348 54.175839532085 -33.884604365408116 2.0933998992769407 1680.37817383 59.52
59.36071 -36.336983 1.8720064 58.70236415590131 -35.584551076309275 1.8926681633359002 1680.37817383 60.016
57.54001 -34.186886 1.9513787 56.92310700593626 -33.40099315936388 1.9938436734928633 1680.37817383 60.512
56.1369 -35.406536 2.0931132 55.589285238031124 -34.56987627213203 2.104007760166475 1680.37817383 61.008
54.657333 -35.027004 2.150528 54.132025992404074 -34.17614283744339 2.1599023620661404 1680.37817383 61.504
52.57455 -34.403107 2.286435 52.109686445235084 -33.51774223415034 2.280847239814966 1680.37817383 62.0
58.72367 -35.39442 2.258884 58.24850628742953 -34.51511915991097 2.2912817040734414 1680.37817383 62.496
59.956783 -35.539127 2.1390448 59.38434991584067 -34.71968410110978 2.16791890025548 1680.37817383 62.992
65.36958 -36.629463 1.8418583 64.73747748137338 -35.85596260177956 1.8881573638840792 1680.37817383 63.488
64.68469 -37.650433 1.9433261 63.986453412125556 -36.93618839598361 1.9914997092662 1680.37817383 63.984
65.60882 -38.268414 1.9952036 64.9071850052964 -37.55603780935547 2.010306879834687 1680.37817383 64.48
64.98593 -37.928467 1.9846004 64.24609231216809 -37.2560204726405 2.0059462956078997 1680.37817383 64.976
65.10414 -38.511284 1.959601 64.42555025316378 -37.77728127838366 1.9870963154309087 1680.37817383 65.472
63.356236 -37.787727 2.2354174 62.630546068624156 -37.10042012853261 2.2040606695091167 1680.37817383 65.968
64.89361 -38.331146 2.2974432 64.26934710846275 -37.55029266373184 2.273695045651511 1680.37817383 66.464
67.353615 -38.334232 2.116549 66.64116216489094 -37.63345700531265 2.0801465866147826 1680.37817383 66.96
68.311295 -39.065037 1.9313874 67.65251049936673 -38.31281227941313 1.944066088726635 1680.37817383 67.456
68.45883 -39.380844 2.3518777 67.82400000082677 -38.60819455185607 2.349951617049956 1680.37817383 67.952
68.199135 -37.817585 2.2615356 67.56336734046083 -37.04571686950723 2.2659154418300353 1680.37817383 68.448
71.61271 -39.925674 2.1825657 70.89372013083887 -39.23074812505646 2.1711027357606647 1680.37817383 68.944
70.327576 -40.20876 1.8673558 69.56481454187497 -39.56228899451733 1.8837863353818651 1680.37817383 69.44
69.47306 -39.192966 1.9139647 68.69637398221116 -38.56430540056023 1.953266651788855 1680.37817383 69.936
73.812515 -39.560997 1.5841428 73.07709696404369 -38.8845686340961 1.6242022896155 1680.37817383 70.432
74.77584 -40.072544 1.7495989 74.03997007838274 -39.39592502938133 1.7757194101894962 1680.37817383 70.928
74.74124 -39.283478 1.6456968 74.08028020065933 -38.53370543670519 1.676893564765705 1680.37817383 71.424
74.84794 -39.431503 2.0033224 74.18073994837087 -38.68662539504416 2.0021232727723195 1680.37817383 71.92
73.91281 -39.1796 2.193342 73.31797777902192 -38.375750258894 2.1927939410769195 1680.37817383 72.416
75.187035 -39.826168 1.973163 74.56528831868395 -39.043945973234436 2.0126581152134415 1680.37817383 72.912
77.034096 -39.43563 1.9960843 76.38888083253575 -38.672583549003676 2.034263562942712 1680.37817383 73.408
79.22764 -40.708607 1.6682388 78.56112422135774 -39.96484353094579 1.7189585725010479 1680.37817383 73.904
72.78061 -37.790012 1.6177589 72.21357589147685 -36.96849963833586 1.6776722398733208 1680.37817383 74.4
56.747314 -32.435165 1.7923304 56.253612661331864 -31.569422880645124 1.874486110108544 1680.37817383 74.896
57.982693 -33.68009 2.6615877 57.554240748008816 -32.77705214378715 2.6924314062106687 1680.37817383 75.392
60.434494 -34.628494 2.127171 59.96485371231104 -33.74565307317177 2.132639219521244 1680.37817383 75.888
62.712143 -36.261314 2.4669228 62.200714032379445 -35.40198845750884 2.4671819955276897 1680.37817383 76.384
71.71385 -37.353924 2.025302 71.13061648942472 -36.54181776853599 2.00735501636382 1680.37817383 76.88
66.20644 -34.429455 1.7604325 65.64963010495069 -33.598955354203106 1.7756992218587584 1680.37817383 77.376
69.183014 -38.20969 1.7769307 68.59236408991231 -37.40386507309044 1.8191054070445538 1680.37817383 77.872
79.86106 -40.96763 1.5631845 79.19462053850212 -40.224057354089894 1.617573216255255 1680.37817383 78.368
85.90478 -43.85148 1.5030161 85.17860748085631 -43.169033934956886 1.5863268997763909 1680.37817383 78.864
88.49307 -44.791786 1.6546055 87.69509208724152 -44.19321787123802 1.7249439616377327 1680.37817383 79.36
86.89616 -43.5627 1.5636832 86.107960224368 -42.954165475129095 1.6554813291643329 1680.37817383 79.856
87.264435 -43.318115 1.5297159 86.49963990712723 -42.67814688311332 1.6040746792596414 1680.37817383 80.352
84.8044 -41.210407 2.073604 84.11252924234051 -40.49262673581503 2.15174788455022 1680.37817383 80.848
87.9586 -43.21311 1.3299255 87.21687673448731 -42.55128769584977 1.43872725804894 1680.37817383 81.344
85.334045 -42.90666 1.6425103 84.59000662306215 -42.24845679898152 1.7572942151917754 1680.37817383 81.84
90.680305 -44.283283 1.4419178 89.85970955846086 -43.72149664126155 1.546891656527766 1680.37817383 82.336
86.63757 -41.28608 1.8054138 85.81006580664085 -40.747658558653974 1.964595994943407 1680.37817383 82.832
86.82397 -41.228714 2.0425997 85.93419487945098 -40.787600927653486 2.1597300765676763 1680.37817383 83.328
89.28932 -42.49122 1.6069069 88.43997821823872 -41.970846329095515 1.6953939916722431 1680.37817383 83.824
83.1654 -41.083817 2.2799754 82.42234412318042 -40.41904300206857 2.357069720162412 1680.37817383 84.32
84.965485 -42.08186 2.3958154 84.18452306988962 -41.45855664599983 2.435710038080863 1680.37817383 84.816
87.90279 -41.068783 1.7649304 87.00615979553659 -40.64148341306527 1.8809868670791772 1680.37817383 85.312
90.08628 -41.379005 1.631648 89.17869162305962 -40.97515278371757 1.7464818445318113 1680.37817383 85.808
87.469894 -40.443546 1.9597617 86.57855103223316 -40.00986761367286 2.091787193433983 1680.37817383 86.304
92.16971 -42.530376 1.5093684 91.27077105567973 -42.099318649952664 1.587459794536069 1680.37817383 86.8
93.67297 -42.181404 1.4034938 92.77821002839201 -41.75006711323754 1.519049750228358 1680.37817383 87.296
94.104065 -42.735546 1.5733234 93.23433691185556 -42.2548499848465 1.685145893632809 1680.37817383 87.792
81.26096 -38.980694 2.1534717 80.58973866963439 -38.246082141171236 2.252503067684143 1680.37817383 88.288